-4 -4 0 0 0 0 0
-3.9777 -3.99225 -0.00189054 0.00417654 -0.00590644 -0.00235838 0.0188183
-3.9554 -3.98451 -0.00378108 0.00835307 -0.0118129 -0.00471676 0.0376366
-3.9331 -3.97676 -0.00567162 0.0125296 -0.0177193 -0.00707514 0.0564549
-3.9108 -3.96901 -0.00756216 0.0167061 -0.0236258 -0.00943352 0.0752733
-3.88849 -3.96127 -0.0094527 0.0208827 -0.0295322 -0.0117919 0.0940916
-3.86619 -3.95352 -0.0113432 0.0250592 -0.0354387 -0.0141503 0.11291
-3.84389 -3.94577 -0.0132338 0.0292357 -0.0413451 -0.0165087 0.131728
-3.82159 -3.93802 -0.0151243 0.0334123 -0.0472516 -0.018867 0.150547
-3.79929 -3.93028 -0.0170149 0.0375888 -0.053158 -0.0212254 0.169365
-3.77699 -3.92253 -0.0189054 0.0417654 -0.0590644 -0.0235838 0.188183
-3.75469 -3.91478 -0.0207959 0.0459419 -0.0649709 -0.0259422 0.207001
-3.73239 -3.90704 -0.0226865 0.0501184 -0.0708773 -0.0283005 0.22582
-3.71008 -3.89929 -0.024577 0.054295 -0.0767838 -0.0306589 0.244638
-3.68778 -3.89154 -0.0264676 0.0584715 -0.0826902 -0.0330173 0.263456
-3.66548 -3.8838 -0.0283581 0.062648 -0.0885967 -0.0353757 0.282275
-3.64318 -3.87605 -0.0302486 0.0668246 -0.0945031 -0.0377341 0.301093
-3.62088 -3.8683 -0.0321392 0.0710011 -0.10041 -0.0400924 0.319911
-3.59858 -3.86056 -0.0340297 0.0751776 -0.106316 -0.0424508 0.33873
-3.57628 -3.85281 -0.0359203 0.0793542 -0.112222 -0.0448092 0.357548
-3.55398 -3.84506 -0.0378108 0.0835307 -0.118129 -0.0471676 0.376366
-3.53167 -3.83732 -0.0397013 0.0877072 -0.124035 -0.049526 0.395185
-3.50937 -3.82957 -0.0415919 0.0918838 -0.129942 -0.0518843 0.414003
-3.48707 -3.82182 -0.0434824 0.0960603 -0.135848 -0.0542427 0.432821
-3.46477 -3.81407 -0.045373 0.100237 -0.141755 -0.0566011 0.45164
-3.44247 -3.80633 -0.0472635 0.104413 -0.147661 -0.0589595 0.470458
-3.42017 -3.79858 -0.049154 0.10859 -0.153568 -0.0613179 0.489276
-3.39787 -3.79083 -0.0510446 0.112766 -0.159474 -0.0636762 0.508094
-3.37557 -3.78309 -0.0529351 0.116943 -0.16538 -0.0660346 0.526913
-3.35327 -3.77534 -0.0548257 0.12112 -0.171287 -0.068393 0.545731
-3.33096 -3.76759 -0.0567162 0.125296 -0.177193 -0.0707514 0.564549
-3.30866 -3.75985 -0.0586067 0.129473 -0.1831 -0.0731097 0.583368
-3.28636 -3.7521 -0.0604973 0.133649 -0.189006 -0.0754681 0.602186
-3.26406 -3.74435 -0.0623878 0.137826 -0.194913 -0.0778265 0.621004
-3.24176 -3.73661 -0.0642784 0.142002 -0.200819 -0.0801849 0.639823
-3.21946 -3.72886 -0.0661689 0.146179 -0.206726 -0.0825433 0.658641
-3.19716 -3.72111 -0.0680594 0.150355 -0.212632 -0.0849016 0.677459
-3.17486 -3.71337 -0.06995 0.154532 -0.218538 -0.08726 0.696278
-3.15255 -3.70562 -0.0718405 0.158708 -0.224445 -0.0896184 0.715096
-3.13025 -3.69787 -0.0737311 0.162885 -0.230351 -0.0919768 0.733914
-3.10795 -3.69012 -0.0756216 0.167061 -0.236258 -0.0943352 0.752733
-3.08565 -3.68238 -0.0775121 0.171238 -0.242164 -0.0966935 0.771551
-3.06335 -3.67463 -0.0794027 0.175414 -0.248071 -0.0990519 0.790369
-3.04105 -3.66688 -0.0812932 0.179591 -0.253977 -0.10141 0.809187
-3.01875 -3.65914 -0.0831838 0.183768 -0.259884 -0.103769 0.828006
-2.99645 -3.65139 -0.0850743 0.187944 -0.26579 -0.106127 0.846824
-2.97414 -3.64364 -0.0869648 0.192121 -0.271696 -0.108485 0.865642
-2.95184 -3.6359 -0.0888554 0.196297 -0.277603 -0.110844 0.884461
-2.92954 -3.62815 -0.0907459 0.200474 -0.283509 -0.113202 0.903279
-2.90724 -3.6204 -0.0926365 0.20465 -0.289416 -0.115561 0.922097
-2.88494 -3.61266 -0.094527 0.208827 -0.295322 -0.117919 0.940916
-2.86264 -3.60491 -0.0964175 0.213003 -0.301229 -0.120277 0.959734
-2.84034 -3.59716 -0.0983081 0.21718 -0.307135 -0.122636 0.978552
-2.81804 -3.58942 -0.100199 0.221356 -0.313042 -0.124994 0.997371
-2.79574 -3.58167 -0.102089 0.225533 -0.318948 -0.127352 1.01619
-2.77343 -3.57392 -0.10398 0.229709 -0.324854 -0.129711 1.03501
-2.75113 -3.56617 -0.10587 0.233886 -0.330761 -0.132069 1.05383
-2.72883 -3.55843 -0.107761 0.238063 -0.336667 -0.134428 1.07264
-2.70653 -3.55068 -0.109651 0.242239 -0.342574 -0.136786 1.09146
-2.68423 -3.54293 -0.111542 0.246416 -0.34848 -0.139144 1.11028
-2.66193 -3.53519 -0.113432 0.250592 -0.354387 -0.141503 1.1291
-2.63963 -3.52744 -0.115323 0.254769 -0.360293 -0.143861 1.14792
-2.61733 -3.51969 -0.117213 0.258945 -0.3662 -0.146219 1.16674
-2.59502 -3.51195 -0.119104 0.263122 -0.372106 -0.148578 1.18555
-2.57272 -3.5042 -0.120995 0.267298 -0.378012 -0.150936 1.20437
-2.55042 -3.49645 -0.122885 0.271475 -0.383919 -0.153295 1.22319
-2.52812 -3.48871 -0.124776 0.275651 -0.389825 -0.155653 1.24201
-2.50582 -3.48096 -0.126666 0.279828 -0.395732 -0.158011 1.26083
-2.48352 -3.47321 -0.128557 0.284004 -0.401638 -0.16037 1.27965
-2.46122 -3.46546 -0.130447 0.288181 -0.407545 -0.162728 1.29846
-2.43892 -3.45772 -0.132338 0.292357 -0.413451 -0.165087 1.31728
-2.41662 -3.44997 -0.134228 0.296534 -0.419358 -0.167445 1.3361
-2.39431 -3.44222 -0.136119 0.300711 -0.425264 -0.169803 1.35492
-2.37201 -3.43448 -0.138009 0.304887 -0.43117 -0.172162 1.37374
-2.34971 -3.42673 -0.1399 0.309064 -0.437077 -0.17452 1.39256
-2.32741 -3.41898 -0.14179 0.31324 -0.442983 -0.176878 1.41137
-2.30511 -3.41124 -0.143681 0.317417 -0.44889 -0.179237 1.43019
-2.28281 -3.40349 -0.145572 0.321593 -0.454796 -0.181595 1.44901
-2.26051 -3.39574 -0.147462 0.32577 -0.460703 -0.183954 1.46783
-2.23821 -3.388 -0.149353 0.329946 -0.466609 -0.186312 1.48665
-2.2159 -3.38025 -0.151243 0.334123 -0.472516 -0.18867 1.50547
-2.1936 -3.3725 -0.153134 0.338299 -0.478422 -0.191029 1.52428
-2.1713 -3.36476 -0.155024 0.342476 -0.484328 -0.193387 1.5431
-2.149 -3.35701 -0.156915 0.346652 -0.490235 -0.195745 1.56192
-2.1267 -3.34926 -0.158805 0.350829 -0.496141 -0.198104 1.58074
-2.1044 -3.34151 -0.160696 0.355005 -0.502048 -0.200462 1.59956
-2.0821 -3.33377 -0.162586 0.359182 -0.507954 -0.202821 1.61837
-2.0598 -3.32602 -0.164477 0.363359 -0.513861 -0.205179 1.63719
-2.03749 -3.31827 -0.166368 0.367535 -0.519767 -0.207537 1.65601
-2.01519 -3.31053 -0.168258 0.371712 -0.525673 -0.209896 1.67483
-1.99289 -3.30278 -0.170149 0.375888 -0.53158 -0.212254 1.69365
-1.97059 -3.29503 -0.172039 0.380065 -0.537486 -0.214612 1.71247
-1.94829 -3.28729 -0.17393 0.384241 -0.543393 -0.216971 1.73128
-1.92599 -3.27954 -0.17582 0.388418 -0.549299 -0.219329 1.7501
-1.90369 -3.27179 -0.177711 0.392594 -0.555206 -0.221688 1.76892
-1.88139 -3.26405 -0.179601 0.396771 -0.561112 -0.224046 1.78774
-1.85909 -3.2563 -0.181492 0.400947 -0.567019 -0.226404 1.80656
-1.83678 -3.24855 -0.183382 0.405124 -0.572925 -0.228763 1.82538
-1.81448 -3.24081 -0.185273 0.4093 -0.578831 -0.231121 1.84419
-1.79218 -3.23306 -0.187163 0.413477 -0.584738 -0.23348 1.86301
-1.76988 -3.22531 -0.189054 0.417654 -0.590644 -0.235838 1.88183
-1.74758 -3.21756 -0.190945 0.42183 -0.596551 -0.238196 1.90065
-1.72528 -3.20982 -0.192835 0.426007 -0.602457 -0.240555 1.91947
-1.70298 -3.20207 -0.194726 0.430183 -0.608364 -0.242913 1.93829
-1.68068 -3.19432 -0.196616 0.43436 -0.61427 -0.245271 1.9571
-1.65837 -3.18658 -0.198507 0.438536 -0.620177 -0.24763 1.97592
-1.63607 -3.17883 -0.200397 0.442713 -0.626083 -0.249988 1.99474
-1.61377 -3.17108 -0.202288 0.446889 -0.631989 -0.252347 2.01356
-1.59147 -3.16334 -0.204178 0.451066 -0.637896 -0.254705 2.03238
-1.56917 -3.15559 -0.206069 0.455242 -0.643802 -0.257063 2.0512
-1.54687 -3.14784 -0.207959 0.459419 -0.649709 -0.259422 2.07001
-1.52457 -3.1401 -0.20985 0.463595 -0.655615 -0.26178 2.08883
-1.50227 -3.13235 -0.21174 0.467772 -0.661522 -0.264138 2.10765
-1.47996 -3.1246 -0.213631 0.471948 -0.667428 -0.266497 2.12647
-1.45766 -3.11685 -0.215522 0.476125 -0.673335 -0.268855 2.14529
-1.43536 -3.10911 -0.217412 0.480302 -0.679241 -0.271214 2.16411
-1.41306 -3.10136 -0.219303 0.484478 -0.685147 -0.273572 2.18292
-1.39076 -3.09361 -0.221193 0.488655 -0.691054 -0.27593 2.20174
-1.36846 -3.08587 -0.223084 0.492831 -0.69696 -0.278289 2.22056
-1.34616 -3.07812 -0.224974 0.497008 -0.702867 -0.280647 2.23938
-1.32386 -3.07037 -0.226865 0.501184 -0.708773 -0.283005 2.2582
-1.30156 -3.06263 -0.228755 0.505361 -0.71468 -0.285364 2.27702
-1.27925 -3.05488 -0.230646 0.509537 -0.720586 -0.287722 2.29583
-1.25695 -3.04713 -0.232536 0.513714 -0.726493 -0.290081 2.31465
-1.23465 -3.03939 -0.234427 0.51789 -0.732399 -0.292439 2.33347
-1.21235 -3.03164 -0.236317 0.522067 -0.738305 -0.294797 2.35229
-1.19005 -3.02389 -0.238208 0.526243 -0.744212 -0.297156 2.37111
-1.16775 -3.01615 -0.240099 0.53042 -0.750118 -0.299514 2.38993
-1.14545 -3.0084 -0.241989 0.534597 -0.756025 -0.301873 2.40874
-1.12315 -3.00065 -0.24388 0.538773 -0.761931 -0.304231 2.42756
-1.10084 -2.9929 -0.24577 0.54295 -0.767838 -0.306589 2.44638
-1.07854 -2.98516 -0.247661 0.547126 -0.773744 -0.308948 2.4652
-1.05624 -2.97741 -0.249551 0.551303 -0.779651 -0.311306 2.48402
-1.03394 -2.96966 -0.251442 0.555479 -0.785557 -0.313664 2.50284
-1.01164 -2.96192 -0.253332 0.559656 -0.791463 -0.316023 2.52165
-0.989339 -2.95417 -0.255223 0.563832 -0.79737 -0.318381 2.54047
-0.967037 -2.94642 -0.257113 0.568009 -0.803276 -0.32074 2.55929
-0.944736 -2.93868 -0.259004 0.572185 -0.809183 -0.323098 2.57811
-0.922435 -2.93093 -0.260895 0.576362 -0.815089 -0.325456 2.59693
-0.900134 -2.92318 -0.262785 0.580538 -0.820996 -0.327815 2.61575
-0.877833 -2.91544 -0.264676 0.584715 -0.826902 -0.330173 2.63456
-0.855531 -2.90769 -0.266566 0.588891 -0.832809 -0.332531 2.65338
-0.83323 -2.89994 -0.268457 0.593068 -0.838715 -0.33489 2.6722
-0.810929 -2.8922 -0.270347 0.597245 -0.844621 -0.337248 2.69102
-0.788628 -2.88445 -0.272238 0.601421 -0.850528 -0.339607 2.70984
-0.766327 -2.8767 -0.274128 0.605598 -0.856434 -0.341965 2.72866
-0.744025 -2.86895 -0.276019 0.609774 -0.862341 -0.344323 2.74747
-0.721724 -2.86121 -0.277909 0.613951 -0.868247 -0.346682 2.76629
-0.699423 -2.85346 -0.2798 0.618127 -0.874154 -0.34904 2.78511
-0.677122 -2.84571 -0.28169 0.622304 -0.88006 -0.351398 2.80393
-0.654821 -2.83797 -0.283581 0.62648 -0.885967 -0.353757 2.82275
-0.632519 -2.83022 -0.285472 0.630657 -0.891873 -0.356115 2.84157
-0.610218 -2.82247 -0.287362 0.634833 -0.897779 -0.358474 2.86038
-0.587917 -2.81473 -0.289253 0.63901 -0.903686 -0.360832 2.8792
-0.565616 -2.80698 -0.291143 0.643186 -0.909592 -0.36319 2.89802
-0.543315 -2.79923 -0.293034 0.647363 -0.915499 -0.365549 2.91684
-0.521013 -2.79149 -0.294924 0.651539 -0.921405 -0.367907 2.93566
-0.498712 -2.78374 -0.296815 0.655716 -0.927312 -0.370265 2.95448
-0.475605 -2.77348 -0.291525 0.644352 -0.933933 -0.36839 2.96059
-0.452497 -2.76322 -0.286236 0.632987 -0.940554 -0.366514 2.96671
-0.429389 -2.75296 -0.280946 0.621623 -0.947175 -0.364638 2.97283
-0.406282 -2.74269 -0.275656 0.610259 -0.953796 -0.362763 2.97895
-0.383174 -2.73243 -0.270367 0.598894 -0.960417 -0.360887 2.98507
-0.360066 -2.72217 -0.265077 0.58753 -0.967038 -0.359011 2.99119
-0.336959 -2.71191 -0.259788 0.576165 -0.973659 -0.357136 2.99731
-0.313851 -2.70165 -0.254498 0.564801 -0.98028 -0.35526 3.00343
-0.290743 -2.69139 -0.249209 0.553437 -0.986901 -0.353384 3.00954
-0.267636 -2.68113 -0.243919 0.542072 -0.993522 -0.351509 3.01566
-0.244528 -2.67087 -0.238629 0.530708 -1.00014 -0.349633 3.02178
-0.22142 -2.66061 -0.23334 0.519344 -1.00676 -0.347757 3.0279
-0.198313 -2.65034 -0.22805 0.507979 -1.01339 -0.345881 3.03402
-0.175205 -2.64008 -0.222761 0.496615 -1.02001 -0.344006 3.04014
-0.152097 -2.62982 -0.217471 0.48525 -1.02663 -0.34213 3.04626
-0.12899 -2.61956 -0.212181 0.473886 -1.03325 -0.340254 3.05238
-0.105882 -2.6093 -0.206892 0.462522 -1.03987 -0.338379 3.05849
-0.0827744 -2.59904 -0.201602 0.451157 -1.04649 -0.336503 3.06461
-0.0596668 -2.58878 -0.196313 0.439793 -1.05311 -0.334627 3.07073
-0.0365591 -2.57852 -0.191023 0.428429 -1.05973 -0.332752 3.07685
-0.0134515 -2.56825 -0.185734 0.417064 -1.06635 -0.330876 3.08297
0.00965618 -2.55799 -0.180444 0.4057 -1.07297 -0.329 3.08909
0.0327638 -2.54773 -0.175154 0.394335 -1.0796 -0.327125 3.09521
0.0558715 -2.53747 -0.169865 0.382971 -1.08622 -0.325249 3.10133
0.0789791 -2.52721 -0.164575 0.371607 -1.09284 -0.323373 3.10745
0.102087 -2.51695 -0.159286 0.360242 -1.09946 -0.321497 3.11356
0.125194 -2.50669 -0.153996 0.348878 -1.10608 -0.319622 3.11968
0.148302 -2.49643 -0.148706 0.337514 -1.1127 -0.317746 3.1258
0.17141 -2.48617 -0.143417 0.326149 -1.11932 -0.31587 3.13192
0.194517 -2.4759 -0.138127 0.314785 -1.12594 -0.313995 3.13804
0.217625 -2.46564 -0.132838 0.30342 -1.13256 -0.312119 -3.13903
0.240733 -2.45538 -0.127548 0.292056 -1.13918 -0.310243 -3.13291
0.26384 -2.44512 -0.122259 0.280692 -1.14581 -0.308368 -3.12679
0.286948 -2.43486 -0.116969 0.269327 -1.15243 -0.306492 -3.12067
0.310056 -2.4246 -0.111679 0.257963 -1.15905 -0.304616 -3.11455
0.333163 -2.41434 -0.10639 0.246599 -1.16567 -0.302741 -3.10843
0.356271 -2.40408 -0.1011 0.235234 -1.17229 -0.300865 -3.10231
0.379379 -2.39382 -0.0958106 0.22387 -1.17891 -0.298989 -3.0962
0.402486 -2.38355 -0.0905211 0.212505 -1.18553 -0.297113 -3.09008
0.425594 -2.37329 -0.0852315 0.201141 -1.19215 -0.295238 -3.08396
0.448702 -2.36303 -0.0799419 0.189777 -1.19877 -0.293362 -3.07784
0.471809 -2.35277 -0.0746523 0.178412 -1.2054 -0.291486 -3.07172
0.494917 -2.34251 -0.0693627 0.167048 -1.21202 -0.289611 -3.0656
0.518025 -2.33225 -0.0640731 0.155684 -1.21864 -0.287735 -3.05948
0.541132 -2.32199 -0.0587836 0.144319 -1.22526 -0.285859 -3.05336
0.56424 -2.31173 -0.053494 0.132955 -1.23188 -0.283984 -3.04725
0.587348 -2.30147 -0.0482044 0.12159 -1.2385 -0.282108 -3.04113
0.610455 -2.2912 -0.0429148 0.110226 -1.24512 -0.280232 -3.03501
0.633563 -2.28094 -0.0376252 0.0988616 -1.25174 -0.278356 -3.02889
0.65667 -2.27068 -0.0323356 0.0874973 -1.25836 -0.276481 -3.02277
0.679778 -2.26042 -0.0270461 0.0761329 -1.26498 -0.274605 -3.01665
0.702886 -2.25016 -0.0217565 0.0647685 -1.27161 -0.272729 -3.01053
0.725993 -2.2399 -0.0164669 0.0534041 -1.27823 -0.270854 -3.00441
0.749101 -2.22964 -0.0111773 0.0420398 -1.28485 -0.268978 -2.9983
0.772209 -2.21938 -0.00588773 0.0306754 -1.29147 -0.267102 -2.99218
0.795316 -2.20911 -0.000598147 0.019311 -1.29809 -0.265227 -2.98606
0.818424 -2.19885 0.00469144 0.00794664 -1.30471 -0.263351 -2.97994
0.841532 -2.18859 0.00998102 -0.00341773 -1.31133 -0.261475 -2.97382
0.864639 -2.17833 0.0152706 -0.0147821 -1.31795 -0.2596 -2.9677
0.887747 -2.16807 0.0205602 -0.0261465 -1.32457 -0.257724 -2.96158
0.910855 -2.15781 0.0258498 -0.0375109 -1.33119 -0.255848 -2.95546
0.933962 -2.14755 0.0311393 -0.0488752 -1.33782 -0.253972 -2.94934
0.95707 -2.13729 0.0364289 -0.0602396 -1.34444 -0.252097 -2.94323
0.980178 -2.12703 0.0417185 -0.071604 -1.35106 -0.250221 -2.93711
1.00329 -2.11676 0.0470081 -0.0829684 -1.35768 -0.248345 -2.93099
1.02639 -2.1065 0.0522977 -0.0943327 -1.3643 -0.24647 -2.92487
1.0495 -2.09624 0.0575873 -0.105697 -1.37092 -0.244594 -2.91875
1.07261 -2.08598 0.0628768 -0.117061 -1.37754 -0.242718 -2.91263
1.09572 -2.07572 0.0681664 -0.128426 -1.38416 -0.240843 -2.90651
1.11882 -2.06546 0.073456 -0.13979 -1.39078 -0.238967 -2.90039
1.14193 -2.0552 0.0787456 -0.151155 -1.3974 -0.237091 -2.89428
1.16504 -2.04494 0.0840352 -0.162519 -1.40403 -0.235216 -2.88816
1.18815 -2.03468 0.0893248 -0.173883 -1.41065 -0.23334 -2.88204
1.21125 -2.02441 0.0946143 -0.185248 -1.41727 -0.231464 -2.87592
1.23436 -2.01415 0.0999039 -0.196612 -1.42389 -0.229588 -2.8698
1.25747 -2.00389 0.105194 -0.207976 -1.43051 -0.227713 -2.86368
1.28058 -1.99363 0.110483 -0.219341 -1.43713 -0.225837 -2.85756
1.30368 -1.98337 0.115773 -0.230705 -1.44375 -0.223961 -2.85144
1.32679 -1.97311 0.121062 -0.24207 -1.45037 -0.222086 -2.84533
1.3499 -1.96285 0.126352 -0.253434 -1.45699 -0.22021 -2.83921
1.37301 -1.95259 0.131641 -0.264798 -1.46362 -0.218334 -2.83309
1.39612 -1.94233 0.136931 -0.276163 -1.47024 -0.216459 -2.82697
1.41922 -1.93206 0.142221 -0.287527 -1.47686 -0.214583 -2.82085
1.44233 -1.9218 0.14751 -0.298891 -1.48348 -0.212707 -2.81473
1.46544 -1.91154 0.1528 -0.310256 -1.4901 -0.210831 -2.80861
1.48855 -1.90128 0.158089 -0.32162 -1.49672 -0.208956 -2.80249
1.51165 -1.89102 0.163379 -0.332985 -1.50334 -0.20708 -2.79637
1.53476 -1.88076 0.168668 -0.344349 -1.50996 -0.205204 -2.79026
1.55787 -1.8705 0.173958 -0.355713 -1.51658 -0.203329 -2.78414
1.58098 -1.86024 0.179248 -0.367078 -1.5232 -0.201453 -2.77802
1.60408 -1.84997 0.184537 -0.378442 -1.52983 -0.199577 -2.7719
1.62719 -1.83971 0.189827 -0.389806 -1.53645 -0.197702 -2.76578
1.63634 -1.80745 0.188561 -0.387208 -1.53668 -0.196384 -2.74734
1.6455 -1.77518 0.187296 -0.384609 -1.5369 -0.195066 -2.7289
1.65465 -1.74292 0.18603 -0.38201 -1.53713 -0.193748 -2.71047
1.6638 -1.71065 0.184765 -0.379412 -1.53736 -0.19243 -2.69203
1.67295 -1.67839 0.183499 -0.376813 -1.53759 -0.191112 -2.67359
1.6821 -1.64613 0.182234 -0.374214 -1.53782 -0.189794 -2.65515
1.69126 -1.61386 0.180968 -0.371616 -1.53805 -0.188476 -2.63671
1.70041 -1.5816 0.179703 -0.369017 -1.53828 -0.187158 -2.61827
1.70956 -1.54933 0.178437 -0.366418 -1.53851 -0.18584 -2.59983
1.71871 -1.51707 0.177172 -0.363819 -1.53874 -0.184522 -2.5814
1.72786 -1.4848 0.175906 -0.361221 -1.53897 -0.183204 -2.56296
1.73702 -1.45254 0.174641 -0.358622 -1.53919 -0.181885 -2.54452
1.74617 -1.42027 0.173375 -0.356023 -1.53942 -0.180567 -2.52608
1.75532 -1.38801 0.17211 -0.353425 -1.53965 -0.179249 -2.50764
1.76447 -1.35574 0.170844 -0.350826 -1.53988 -0.177931 -2.4892
1.77362 -1.32348 0.169579 -0.348227 -1.54011 -0.176613 -2.47076
1.78278 -1.29121 0.168313 -0.345628 -1.54034 -0.175295 -2.45233
1.79193 -1.25895 0.167048 -0.34303 -1.54057 -0.173977 -2.43389
1.80108 -1.22668 0.165782 -0.340431 -1.5408 -0.172659 -2.41545
1.81023 -1.19442 0.164517 -0.337832 -1.54103 -0.171341 -2.39701
1.81939 -1.16215 0.163251 -0.335234 -1.54125 -0.170023 -2.37857
1.82854 -1.12989 0.161986 -0.332635 -1.54148 -0.168705 -2.36013
1.83769 -1.09762 0.16072 -0.330036 -1.54171 -0.167387 -2.34169
1.84684 -1.06536 0.159455 -0.327437 -1.54194 -0.166069 -2.32326
1.85599 -1.03309 0.158189 -0.324839 -1.54217 -0.164751 -2.30482
1.86515 -1.00083 0.156924 -0.32224 -1.5424 -0.163433 -2.28638
1.8743 -0.968565 0.155658 -0.319641 -1.54263 -0.162115 -2.26794
1.88345 -0.936301 0.154392 -0.317043 -1.54286 -0.160797 -2.2495
1.8926 -0.904036 0.153127 -0.314444 -1.54309 -0.159479 -2.23106
1.90175 -0.871771 0.151861 -0.311845 -1.54332 -0.158161 -2.21262
1.91091 -0.839506 0.150596 -0.309246 -1.54354 -0.156843 -2.19419
1.92006 -0.807242 0.14933 -0.306648 -1.54377 -0.155525 -2.17575
1.92921 -0.774977 0.148065 -0.304049 -1.544 -0.154207 -2.15731
1.93836 -0.742712 0.146799 -0.30145 -1.54423 -0.152889 -2.13887
1.94751 -0.710447 0.145534 -0.298852 -1.54446 -0.151571 -2.12043
1.95667 -0.678183 0.144268 -0.296253 -1.54469 -0.150253 -2.10199
1.96582 -0.645918 0.143003 -0.293654 -1.54492 -0.148935 -2.08355
1.97497 -0.613653 0.141737 -0.291056 -1.54515 -0.147617 -2.06512
1.98412 -0.581388 0.140472 -0.288457 -1.54538 -0.146299 -2.04668
1.99327 -0.549123 0.139206 -0.285858 -1.5456 -0.144981 -2.02824
2.00243 -0.516859 0.137941 -0.283259 -1.54583 -0.143663 -2.0098
2.01158 -0.484594 0.136675 -0.280661 -1.54606 -0.142345 -1.99136
2.02073 -0.452329 0.13541 -0.278062 -1.54629 -0.141027 -1.97292
2.02988 -0.420064 0.134144 -0.275463 -1.54652 -0.139709 -1.95449
2.03903 -0.3878 0.132879 -0.272865 -1.54675 -0.138391 -1.93605
2.04819 -0.355535 0.131613 -0.270266 -1.54698 -0.137073 -1.91761
2.05734 -0.32327 0.130348 -0.267667 -1.54721 -0.135755 -1.89917
2.06649 -0.291005 0.129082 -0.265068 -1.54744 -0.134437 -1.88073
2.07564 -0.258741 0.127817 -0.26247 -1.54767 -0.133119 -1.86229
2.08479 -0.226476 0.126551 -0.259871 -1.54789 -0.131801 -1.84385
2.09395 -0.194211 0.125286 -0.257272 -1.54812 -0.130483 -1.82542
2.1031 -0.161946 0.12402 -0.254674 -1.54835 -0.129165 -1.80698
2.11225 -0.129682 0.122755 -0.252075 -1.54858 -0.127847 -1.78854
2.1214 -0.0974169 0.121489 -0.249476 -1.54881 -0.126529 -1.7701
2.13055 -0.0651521 0.120224 -0.246877 -1.54904 -0.125211 -1.75166
2.13971 -0.0328873 0.118958 -0.244279 -1.54927 -0.123893 -1.73322
2.14886 -0.000622589 0.117693 -0.24168 -1.5495 -0.122575 -1.71478
2.15801 0.0316422 0.116427 -0.239081 -1.54973 -0.121257 -1.69635
2.16716 0.0639069 0.115162 -0.236483 -1.54996 -0.119939 -1.67791
2.17632 0.0961717 0.113896 -0.233884 -1.55018 -0.118621 -1.65947
2.18547 0.128436 0.112631 -0.231285 -1.55041 -0.117303 -1.64103
2.19462 0.160701 0.111365 -0.228686 -1.55064 -0.115985 -1.62259
2.20377 0.192966 0.1101 -0.226088 -1.55087 -0.114667 -1.60415
2.21292 0.225231 0.108834 -0.223489 -1.5511 -0.113349 -1.58571
2.22208 0.257495 0.107569 -0.22089 -1.55133 -0.112031 -1.56728
2.23123 0.28976 0.106303 -0.218292 -1.55156 -0.110713 -1.54884
2.24038 0.322025 0.105038 -0.215693 -1.55179 -0.109395 -1.5304
2.24953 0.35429 0.103772 -0.213094 -1.55202 -0.108077 -1.51196
2.25868 0.386555 0.102506 -0.210496 -1.55224 -0.106759 -1.49352
2.26784 0.418819 0.101241 -0.207897 -1.55247 -0.105441 -1.47508
2.27699 0.451084 0.0999755 -0.205298 -1.5527 -0.104123 -1.45664
2.28614 0.483349 0.09871 -0.202699 -1.55293 -0.102805 -1.43821
2.29529 0.515614 0.0974444 -0.200101 -1.55316 -0.101487 -1.41977
2.30444 0.547878 0.0961789 -0.197502 -1.55339 -0.100169 -1.40133
2.3136 0.580143 0.0949134 -0.194903 -1.55362 -0.0988508 -1.38289
2.32275 0.612408 0.0936479 -0.192305 -1.55385 -0.0975328 -1.36445
2.3319 0.644673 0.0923824 -0.189706 -1.55408 -0.0962148 -1.34601
2.34105 0.676937 0.0911169 -0.187107 -1.55431 -0.0948968 -1.32757
2.3502 0.709202 0.0898514 -0.184508 -1.55453 -0.0935788 -1.30914
2.35936 0.741467 0.0885859 -0.18191 -1.55476 -0.0922608 -1.2907
2.36851 0.773732 0.0873203 -0.179311 -1.55499 -0.0909427 -1.27226
2.37766 0.805996 0.0860548 -0.176712 -1.55522 -0.0896247 -1.25382
2.38681 0.838261 0.0847893 -0.174114 -1.55545 -0.0883067 -1.23538
2.39596 0.870526 0.0835238 -0.171515 -1.55568 -0.0869887 -1.21694
2.40512 0.902791 0.0822583 -0.168916 -1.55591 -0.0856707 -1.19851
2.41427 0.935055 0.0809928 -0.166317 -1.55614 -0.0843527 -1.18007
2.42342 0.96732 0.0797273 -0.163719 -1.55637 -0.0830347 -1.16163
2.43257 0.999585 0.0784618 -0.16112 -1.55659 -0.0817167 -1.14319
2.44172 1.03185 0.0771962 -0.158521 -1.55682 -0.0803987 -1.12475
2.45088 1.06411 0.0759307 -0.155923 -1.55705 -0.0790807 -1.10631
2.46003 1.09638 0.0746652 -0.153324 -1.55728 -0.0777626 -1.08787
2.46918 1.12864 0.0733997 -0.150725 -1.55751 -0.0764446 -1.06944
2.47833 1.16091 0.0721342 -0.148126 -1.55774 -0.0751266 -1.051
2.48748 1.19317 0.0708687 -0.145528 -1.55797 -0.0738086 -1.03256
2.49664 1.22544 0.0696032 -0.142929 -1.5582 -0.0724906 -1.01412
2.50579 1.2577 0.0683377 -0.14033 -1.55843 -0.0711726 -0.995681
2.51494 1.28997 0.0670721 -0.137732 -1.55866 -0.0698546 -0.977243
2.52409 1.32223 0.0658066 -0.135133 -1.55888 -0.0685366 -0.958804
2.53325 1.3545 0.0645411 -0.132534 -1.55911 -0.0672186 -0.940366
2.5424 1.38676 0.0632756 -0.129935 -1.55934 -0.0659005 -0.921927
2.55155 1.41903 0.0620101 -0.127337 -1.55957 -0.0645825 -0.903488
2.5607 1.45129 0.0607446 -0.124738 -1.5598 -0.0632645 -0.88505
2.56985 1.48356 0.0594791 -0.122139 -1.56003 -0.0619465 -0.866611
2.57901 1.51582 0.0582136 -0.119541 -1.56026 -0.0606285 -0.848173
2.58816 1.54809 0.056948 -0.116942 -1.56049 -0.0593105 -0.829734
2.59731 1.58035 0.0556825 -0.114343 -1.56072 -0.0579925 -0.811296
2.60646 1.61262 0.054417 -0.111745 -1.56094 -0.0566745 -0.792857
2.61561 1.64488 0.0531515 -0.109146 -1.56117 -0.0553565 -0.774419
2.62477 1.67714 0.051886 -0.106547 -1.5614 -0.0540384 -0.75598
2.63392 1.70941 0.0506205 -0.103948 -1.56163 -0.0527204 -0.737542
2.64307 1.74167 0.049355 -0.10135 -1.56186 -0.0514024 -0.719103
2.65222 1.77394 0.0480895 -0.098751 -1.56209 -0.0500844 -0.700664
2.66137 1.8062 0.046824 -0.0961523 -1.56232 -0.0487664 -0.682226
2.67053 1.83847 0.0455584 -0.0935536 -1.56255 -0.0474484 -0.663787
2.67968 1.87073 0.0442929 -0.0909548 -1.56278 -0.0461304 -0.645349
2.68883 1.903 0.0430274 -0.0883561 -1.56301 -0.0448124 -0.62691
2.69798 1.93526 0.0417619 -0.0857574 -1.56323 -0.0434944 -0.608472
2.70713 1.96753 0.0404964 -0.0831587 -1.56346 -0.0421763 -0.590033
2.71629 1.99979 0.0392309 -0.08056 -1.56369 -0.0408583 -0.571595
2.72544 2.03206 0.0379654 -0.0779613 -1.56392 -0.0395403 -0.553156
2.73459 2.06432 0.0366999 -0.0753626 -1.56415 -0.0382223 -0.534718
2.74374 2.09659 0.0354343 -0.0727639 -1.56438 -0.0369043 -0.516279
2.75289 2.12885 0.0341688 -0.0701652 -1.56461 -0.0355863 -0.497841
2.76205 2.16112 0.0329033 -0.0675665 -1.56484 -0.0342683 -0.479402
2.7712 2.19338 0.0316378 -0.0649677 -1.56507 -0.0329503 -0.460963
2.78035 2.22565 0.0303723 -0.062369 -1.5653 -0.0316323 -0.442525
2.7895 2.25791 0.0291068 -0.0597703 -1.56552 -0.0303142 -0.424086
2.79865 2.29018 0.0278413 -0.0571716 -1.56575 -0.0289962 -0.405648
2.80781 2.32244 0.0265758 -0.0545729 -1.56598 -0.0276782 -0.387209
2.81696 2.3547 0.0253102 -0.0519742 -1.56621 -0.0263602 -0.368771
2.82611 2.38697 0.0240447 -0.0493755 -1.56644 -0.0250422 -0.350332
2.83526 2.41923 0.0227792 -0.0467768 -1.56667 -0.0237242 -0.331894
2.84442 2.4515 0.0215137 -0.0441781 -1.5669 -0.0224062 -0.313455
2.85357 2.48376 0.0202482 -0.0415794 -1.56713 -0.0210882 -0.295017
2.86272 2.51603 0.0189827 -0.0389806 -1.56736 -0.0197702 -0.276578
2.87187 2.54829 0.0177172 -0.0363819 -1.56758 -0.0184522 -0.25814
2.88102 2.58056 0.0164517 -0.0337832 -1.56781 -0.0171341 -0.239701
2.89018 2.61282 0.0151861 -0.0311845 -1.56804 -0.0158161 -0.221262
2.89933 2.64509 0.0139206 -0.0285858 -1.56827 -0.0144981 -0.202824
2.90848 2.67735 0.0126551 -0.0259871 -1.5685 -0.0131801 -0.184385
2.91763 2.70962 0.0113896 -0.0233884 -1.56873 -0.0118621 -0.165947
2.92678 2.74188 0.0101241 -0.0207897 -1.56896 -0.0105441 -0.147508
2.93594 2.77415 0.00885859 -0.018191 -1.56919 -0.00922608 -0.12907
2.94509 2.80641 0.00759307 -0.0155923 -1.56942 -0.00790807 -0.110631
2.95424 2.83868 0.00632756 -0.0129935 -1.56965 -0.00659005 -0.0921927
2.96339 2.87094 0.00506205 -0.0103948 -1.56987 -0.00527204 -0.0737542
2.97254 2.90321 0.00379654 -0.00779613 -1.5701 -0.00395403 -0.0553156
2.9817 2.93547 0.00253102 -0.00519742 -1.57033 -0.00263602 -0.0368771
2.99085 2.96774 0.00126551 -0.00259871 -1.57056 -0.00131801 -0.0184385
3 3 0 0 -1.57079 0 0
