-3 -3 0 0 0 0 0
-2.96853 -2.96892 0.00536884 0.0084503 -0.00236032 -0.00355831 0.00166128
-2.93705 -2.93784 0.0107377 0.0169006 -0.00472064 -0.00711663 0.00332255
-2.90558 -2.90676 0.0161065 0.0253509 -0.00708095 -0.0106749 0.00498383
-2.87411 -2.87568 0.0214754 0.0338012 -0.00944127 -0.0142333 0.0066451
-2.84264 -2.8446 0.0268442 0.0422515 -0.0118016 -0.0177916 0.00830638
-2.81116 -2.81352 0.032213 0.0507018 -0.0141619 -0.0213499 0.00996766
-2.77969 -2.78244 0.0375819 0.0591521 -0.0165222 -0.0249082 0.0116289
-2.74822 -2.75136 0.0429507 0.0676024 -0.0188825 -0.0284665 0.0132902
-2.71674 -2.72028 0.0483196 0.0760527 -0.0212429 -0.0320248 0.0149515
-2.68527 -2.6892 0.0536884 0.084503 -0.0236032 -0.0355831 0.0166128
-2.6538 -2.65812 0.0590572 0.0929533 -0.0259635 -0.0391415 0.018274
-2.62233 -2.62704 0.0644261 0.101404 -0.0283238 -0.0426998 0.0199353
-2.59085 -2.59596 0.0697949 0.109854 -0.0306841 -0.0462581 0.0215966
-2.55938 -2.56489 0.0751637 0.118304 -0.0330444 -0.0498164 0.0232579
-2.52791 -2.53381 0.0805326 0.126754 -0.0354048 -0.0533747 0.0249191
-2.49643 -2.50273 0.0859014 0.135205 -0.0377651 -0.056933 0.0265804
-2.46496 -2.47165 0.0912703 0.143655 -0.0401254 -0.0604913 0.0282417
-2.43349 -2.44057 0.0966391 0.152105 -0.0424857 -0.0640497 0.029903
-2.40202 -2.40949 0.102008 0.160556 -0.044846 -0.067608 0.0315642
-2.37054 -2.37841 0.107377 0.169006 -0.0472064 -0.0711663 0.0332255
-2.33907 -2.34733 0.112746 0.177456 -0.0495667 -0.0747246 0.0348868
-2.3076 -2.31625 0.118114 0.185907 -0.051927 -0.0782829 0.0365481
-2.27612 -2.28517 0.123483 0.194357 -0.0542873 -0.0818412 0.0382093
-2.24465 -2.25409 0.128852 0.202807 -0.0566476 -0.0853995 0.0398706
-2.21318 -2.22301 0.134221 0.211257 -0.0590079 -0.0889579 0.0415319
-2.1817 -2.19193 0.13959 0.219708 -0.0613683 -0.0925162 0.0431932
-2.15023 -2.16085 0.144959 0.228158 -0.0637286 -0.0960745 0.0448545
-2.11876 -2.12977 0.150327 0.236608 -0.0660889 -0.0996328 0.0465157
-2.08729 -2.09869 0.155696 0.245059 -0.0684492 -0.103191 0.048177
-2.05581 -2.06761 0.161065 0.253509 -0.0708095 -0.106749 0.0498383
-2.02434 -2.03653 0.166434 0.261959 -0.0731698 -0.110308 0.0514996
-1.99287 -2.00545 0.171803 0.27041 -0.0755302 -0.113866 0.0531608
-1.96139 -1.97437 0.177172 0.27886 -0.0778905 -0.117424 0.0548221
-1.92992 -1.94329 0.182541 0.28731 -0.0802508 -0.120983 0.0564834
-1.89845 -1.91221 0.187909 0.29576 -0.0826111 -0.124541 0.0581447
-1.86698 -1.88113 0.193278 0.304211 -0.0849714 -0.128099 0.0598059
-1.8355 -1.85005 0.198647 0.312661 -0.0873317 -0.131658 0.0614672
-1.80403 -1.81897 0.204016 0.321111 -0.0896921 -0.135216 0.0631285
-1.77256 -1.78789 0.209385 0.329562 -0.0920524 -0.138774 0.0647898
-1.74108 -1.75682 0.214754 0.338012 -0.0944127 -0.142333 0.066451
-1.70961 -1.72574 0.220122 0.346462 -0.096773 -0.145891 0.0681123
-1.67814 -1.69466 0.225491 0.354913 -0.0991333 -0.149449 0.0697736
-1.64667 -1.66358 0.23086 0.363363 -0.101494 -0.153008 0.0714349
-1.61519 -1.6325 0.236229 0.371813 -0.103854 -0.156566 0.0730961
-1.58372 -1.60142 0.241598 0.380263 -0.106214 -0.160124 0.0747574
-1.55225 -1.57034 0.246967 0.388714 -0.108575 -0.163682 0.0764187
-1.52077 -1.53926 0.252335 0.397164 -0.110935 -0.167241 0.07808
-1.4893 -1.50818 0.257704 0.405614 -0.113295 -0.170799 0.0797412
-1.45783 -1.4771 0.263073 0.414065 -0.115656 -0.174357 0.0814025
-1.43346 -1.44812 0.265366 0.418665 -0.119684 -0.180213 0.0806597
-1.4091 -1.41915 0.267658 0.423265 -0.123713 -0.186069 0.0799168
-1.38468 -1.38393 0.268324 0.425677 -0.131324 -0.195393 0.0775828
-1.36026 -1.34871 0.26899 0.428089 -0.138936 -0.204718 0.0752488
-1.33584 -1.31349 0.269656 0.430501 -0.146548 -0.214042 0.0729148
-1.31141 -1.27827 0.270322 0.432913 -0.15416 -0.223366 0.0705808
-1.28699 -1.24305 0.270988 0.435326 -0.161772 -0.232691 0.0682467
-1.26257 -1.20783 0.271654 0.437738 -0.169383 -0.242015 0.0659127
-1.23815 -1.17261 0.272321 0.44015 -0.176995 -0.25134 0.0635787
-1.21373 -1.13739 0.272987 0.442562 -0.184607 -0.260664 0.0612447
-1.18931 -1.10217 0.273653 0.444974 -0.192219 -0.269988 0.0589107
-1.16488 -1.06695 0.274319 0.447387 -0.199831 -0.279313 0.0565767
-1.14054 -1.03028 0.27457 0.449236 -0.208323 -0.289482 0.0538479
-1.11619 -0.993605 0.274822 0.451085 -0.216815 -0.299651 0.0511192
-1.09184 -0.95693 0.275074 0.452934 -0.225307 -0.309821 0.0483905
-1.06749 -0.920256 0.275325 0.454783 -0.233799 -0.31999 0.0456618
-1.04314 -0.883581 0.275577 0.456633 -0.242291 -0.33016 0.0429331
-1.01879 -0.846906 0.275829 0.458482 -0.250784 -0.340329 0.0402043
-0.994447 -0.810231 0.27608 0.460331 -0.259276 -0.350498 0.0374756
-0.970099 -0.773556 0.276332 0.46218 -0.267768 -0.360668 0.0347469
-0.945751 -0.736882 0.276583 0.464029 -0.27626 -0.370837 0.0320182
-0.921402 -0.700207 0.276835 0.465878 -0.284752 -0.381007 0.0292894
-0.897054 -0.663532 0.277087 0.467728 -0.293244 -0.391176 0.0265607
-0.872706 -0.626857 0.277338 0.469577 -0.301736 -0.401345 0.023832
-0.84911 -0.591174 0.277545 0.471319 -0.310048 -0.411279 0.0211513
-0.825513 -0.555491 0.277752 0.473061 -0.318359 -0.421213 0.0184707
-0.801917 -0.519808 0.277958 0.474803 -0.32667 -0.431148 0.01579
-0.778321 -0.484125 0.278165 0.476545 -0.334982 -0.441082 0.0131094
-0.754724 -0.448442 0.278372 0.478287 -0.343293 -0.451016 0.0104287
-0.731128 -0.412759 0.278578 0.480029 -0.351604 -0.46095 0.00774803
-0.707532 -0.377076 0.278785 0.481771 -0.359916 -0.470884 0.00506737
-0.683935 -0.341392 0.278992 0.483513 -0.368227 -0.480818 0.00238671
-0.660339 -0.305709 0.279199 0.485255 -0.376538 -0.490752 -0.000293949
-0.636742 -0.270026 0.279405 0.486997 -0.38485 -0.500686 -0.00297461
-0.613146 -0.234343 0.279612 0.488739 -0.393161 -0.51062 -0.00565527
-0.58955 -0.19866 0.279819 0.490481 -0.401472 -0.520554 -0.00833593
-0.565953 -0.162977 0.280025 0.492223 -0.409784 -0.530488 -0.0110166
-0.542357 -0.127294 0.280232 0.493965 -0.418095 -0.540422 -0.0136972
-0.51876 -0.0916106 0.280439 0.495707 -0.426406 -0.550356 -0.0163779
-0.495164 -0.0559275 0.280645 0.497449 -0.434718 -0.56029 -0.0190586
-0.471568 -0.0202444 0.280852 0.499191 -0.443029 -0.570225 -0.0217392
-0.447971 0.0154387 0.281059 0.500933 -0.45134 -0.580159 -0.0244199
-0.424375 0.0511218 0.281266 0.502675 -0.459651 -0.590093 -0.0271005
-0.400779 0.0868049 0.281472 0.504417 -0.467963 -0.600027 -0.0297812
-0.377182 0.122488 0.281679 0.506159 -0.476274 -0.609961 -0.0324619
-0.353586 0.158171 0.281886 0.507901 -0.484585 -0.619895 -0.0351425
-0.329989 0.193854 0.282092 0.509644 -0.492897 -0.629829 -0.0378232
-0.306393 0.229537 0.282299 0.511386 -0.501208 -0.639763 -0.0405038
-0.282797 0.26522 0.282506 0.513128 -0.509519 -0.649697 -0.0431845
-0.2592 0.300904 0.282712 0.51487 -0.517831 -0.659631 -0.0458652
-0.235604 0.336587 0.282919 0.516612 -0.526142 -0.669565 -0.0485458
-0.212007 0.37227 0.283126 0.518354 -0.534453 -0.679499 -0.0512265
-0.188411 0.407953 0.283333 0.520096 -0.542765 -0.689433 -0.0539071
-0.164815 0.443636 0.283539 0.521838 -0.551076 -0.699368 -0.0565878
-0.141218 0.479319 0.283746 0.52358 -0.559387 -0.709302 -0.0592685
-0.117622 0.515002 0.283953 0.525322 -0.567699 -0.719236 -0.0619491
-0.0940255 0.550685 0.284159 0.527064 -0.57601 -0.72917 -0.0646298
-0.0704291 0.586368 0.284366 0.528806 -0.584321 -0.739104 -0.0673104
-0.0468327 0.622052 0.284573 0.530548 -0.592633 -0.749038 -0.0699911
-0.0236453 0.657523 0.284668 0.532115 -0.601035 -0.759027 -0.07273
-0.00045781 0.692995 0.284764 0.533682 -0.609438 -0.769017 -0.0754689
0.0227297 0.728466 0.28486 0.535249 -0.617841 -0.779006 -0.0782078
0.0459171 0.763938 0.284955 0.536816 -0.626243 -0.788996 -0.0809466
0.0691046 0.799409 0.285051 0.538383 -0.634646 -0.798985 -0.0836855
0.0922921 0.834881 0.285147 0.53995 -0.643049 -0.808975 -0.0864244
0.11548 0.870352 0.285242 0.541517 -0.651451 -0.818964 -0.0891633
0.138667 0.905824 0.285338 0.543084 -0.659854 -0.828953 -0.0919022
0.161854 0.941296 0.285434 0.544651 -0.668257 -0.838943 -0.0946411
0.185042 0.976767 0.285529 0.546218 -0.676659 -0.848932 -0.09738
0.20736 1.01232 0.285248 0.547224 -0.685564 -0.859337 -0.10038
0.229678 1.04788 0.284967 0.548229 -0.694469 -0.869743 -0.10338
0.251997 1.08343 0.284686 0.549234 -0.703375 -0.880148 -0.106379
0.274315 1.11899 0.284404 0.550239 -0.71228 -0.890553 -0.109379
0.296633 1.15454 0.284123 0.551245 -0.721185 -0.900958 -0.112379
0.318951 1.1901 0.283842 0.55225 -0.73009 -0.911363 -0.115379
0.341269 1.22565 0.283561 0.553255 -0.738995 -0.921769 -0.118379
0.363588 1.26121 0.283279 0.554261 -0.747901 -0.932174 -0.121378
0.385906 1.29676 0.282998 0.555266 -0.756806 -0.942579 -0.124378
0.408224 1.33232 0.282717 0.556271 -0.765711 -0.952984 -0.127378
0.430542 1.36787 0.282436 0.557277 -0.774616 -0.963389 -0.130378
0.452861 1.40343 0.282154 0.558282 -0.783521 -0.973795 -0.133378
0.475179 1.43898 0.281873 0.559287 -0.792426 -0.9842 -0.136377
0.497497 1.47453 0.281592 0.560293 -0.801332 -0.994605 -0.139377
0.519815 1.51009 0.281311 0.561298 -0.810237 -1.00501 -0.142377
0.527899 1.52281 0.267979 0.543386 -0.808846 -0.993626 -0.13661
0.535983 1.53552 0.254646 0.525473 -0.807456 -0.982242 -0.130842
0.544067 1.54824 0.241314 0.507561 -0.806065 -0.970858 -0.125075
0.552152 1.56095 0.227982 0.489649 -0.804675 -0.959475 -0.119307
0.560236 1.57367 0.21465 0.471736 -0.803284 -0.948091 -0.11354
0.56832 1.58638 0.201318 0.453824 -0.801893 -0.936707 -0.107773
0.576404 1.5991 0.187986 0.435912 -0.800503 -0.925323 -0.102005
0.590546 1.60252 0.175188 0.420658 -0.801851 -0.90777 -0.0992824
0.604688 1.60593 0.16239 0.405403 -0.8032 -0.890218 -0.0965597
0.618831 1.60935 0.149592 0.390149 -0.804548 -0.872666 -0.093837
0.632973 1.61277 0.136794 0.374895 -0.805897 -0.855114 -0.0911142
0.647115 1.61619 0.123996 0.359641 -0.807245 -0.837562 -0.0883915
0.661258 1.61961 0.111199 0.344387 -0.808594 -0.820009 -0.0856687
0.6754 1.62303 0.0984008 0.329133 -0.809942 -0.802457 -0.082946
0.700396 1.6278 0.0905079 0.322745 -0.818303 -0.787987 -0.0865181
0.725393 1.63257 0.082615 0.316357 -0.826664 -0.773517 -0.0900902
0.750389 1.63735 0.0747222 0.309969 -0.835025 -0.759047 -0.0936624
0.775386 1.64212 0.0668293 0.303581 -0.843386 -0.744577 -0.0972345
0.800382 1.64689 0.0589364 0.297193 -0.851747 -0.730106 -0.100807
0.825378 1.65166 0.0510436 0.290805 -0.860108 -0.715636 -0.104379
0.850375 1.65644 0.0431507 0.284417 -0.868469 -0.701166 -0.107951
0.875371 1.66121 0.0352578 0.278029 -0.87683 -0.686696 -0.111523
0.900368 1.66598 0.027365 0.271641 -0.885191 -0.672226 -0.115095
0.925364 1.67075 0.0194721 0.265253 -0.893551 -0.657756 -0.118667
0.95036 1.67553 0.0115792 0.258865 -0.901912 -0.643286 -0.122239
0.975961 1.68344 0.0112968 0.252551 -0.918227 -0.627596 -0.119258
1.00156 1.69135 0.0110144 0.246237 -0.934541 -0.611906 -0.116276
1.02716 1.69927 0.010732 0.239923 -0.950855 -0.596216 -0.113295
1.05276 1.70718 0.0104495 0.233609 -0.967169 -0.580526 -0.110314
1.07837 1.7151 0.0101671 0.227296 -0.983483 -0.564836 -0.107332
1.10397 1.72301 0.0098847 0.220982 -0.999797 -0.549146 -0.104351
1.12957 1.73092 0.00960228 0.214668 -1.01611 -0.533456 -0.101369
1.15517 1.73884 0.00931986 0.208354 -1.03243 -0.517767 -0.0983877
1.18077 1.74675 0.00903744 0.202041 -1.04874 -0.502077 -0.0954063
1.20637 1.75467 0.00875502 0.195727 -1.06505 -0.486387 -0.0924248
1.23197 1.76258 0.0084726 0.189413 -1.08137 -0.470697 -0.0894434
1.25757 1.77049 0.00819018 0.183099 -1.09768 -0.455007 -0.086462
1.28317 1.77841 0.00790776 0.176786 -1.114 -0.439317 -0.0834805
1.30877 1.78632 0.00762534 0.170472 -1.13031 -0.423627 -0.0804991
1.33437 1.79424 0.00734292 0.164158 -1.14662 -0.407937 -0.0775176
1.35998 1.80215 0.0070605 0.157844 -1.16294 -0.392247 -0.0745362
1.38558 1.81006 0.00677808 0.15153 -1.17925 -0.376557 -0.0715547
1.41118 1.81798 0.00649566 0.145217 -1.19557 -0.360868 -0.0685733
1.43678 1.82589 0.00621324 0.138903 -1.21188 -0.345178 -0.0655918
1.46238 1.83381 0.00593082 0.132589 -1.22819 -0.329488 -0.0626104
1.48798 1.84172 0.0056484 0.126275 -1.24451 -0.313798 -0.0596289
1.51358 1.84963 0.00536598 0.119962 -1.26082 -0.298108 -0.0566475
1.53918 1.85755 0.00508356 0.113648 -1.27714 -0.282418 -0.053666
1.56478 1.86546 0.00480114 0.107334 -1.29345 -0.266728 -0.0506846
1.59038 1.87338 0.00451872 0.10102 -1.30976 -0.251038 -0.0477031
1.61599 1.88129 0.0042363 0.0947065 -1.32608 -0.235348 -0.0447217
1.64159 1.8892 0.00395388 0.0883928 -1.34239 -0.219659 -0.0417403
1.66719 1.89712 0.00367146 0.082079 -1.35871 -0.203969 -0.0387588
1.69279 1.90503 0.00338904 0.0757652 -1.37502 -0.188279 -0.0357774
1.71839 1.91295 0.00310662 0.0694515 -1.39134 -0.172589 -0.0327959
1.74399 1.92086 0.0028242 0.0631377 -1.40765 -0.156899 -0.0298145
1.76959 1.92877 0.00254178 0.0568239 -1.42396 -0.141209 -0.026833
1.79519 1.93669 0.00225936 0.0505102 -1.44028 -0.125519 -0.0238516
1.82079 1.9446 0.00197694 0.0441964 -1.45659 -0.109829 -0.0208701
1.84639 1.95252 0.00169452 0.0378826 -1.47291 -0.0941394 -0.0178887
1.872 1.96043 0.0014121 0.0315688 -1.48922 -0.0784495 -0.0149072
1.8976 1.96834 0.00112968 0.0252551 -1.50553 -0.0627596 -0.0119258
1.9232 1.97626 0.00084726 0.0189413 -1.52185 -0.0470697 -0.00894434
1.9488 1.98417 0.00056484 0.0126275 -1.53816 -0.0313798 -0.00596289
1.9744 1.99209 0.00028242 0.00631377 -1.55448 -0.0156899 -0.00298145
2 2 0 0 -1.57079 0 0
