-4 -4 0 0 0 0 0 
-3.95257 -4.00345 0.00972394 0.00764454 -0.00188949 0.0193355 0.0168526 
-3.90514 -4.00691 0.0194479 0.0152891 -0.00377899 0.038671 0.0337053 
-3.8577 -4.01036 0.0291718 0.0229336 -0.00566848 0.0580065 0.0505579 
-3.81027 -4.01381 0.0388957 0.0305782 -0.00755798 0.077342 0.0674105 
-3.76284 -4.01726 0.0486197 0.0382227 -0.00944747 0.0966776 0.0842632 
-3.71541 -4.02072 0.0583436 0.0458673 -0.011337 0.116013 0.101116 
-3.66797 -4.02417 0.0680675 0.0535118 -0.0132265 0.135349 0.117968 
-3.62054 -4.02762 0.0777915 0.0611564 -0.015116 0.154684 0.134821 
-3.57311 -4.03108 0.0875154 0.0688009 -0.0170054 0.17402 0.151674 
-3.52568 -4.03453 0.0972394 0.0764454 -0.0188949 0.193355 0.168526 
-3.47824 -4.03798 0.106963 0.08409 -0.0207844 0.212691 0.185379 
-3.43081 -4.04143 0.116687 0.0917345 -0.0226739 0.232026 0.202232 
-3.38338 -4.04489 0.126411 0.0993791 -0.0245634 0.251362 0.219084 
-3.33595 -4.04834 0.136135 0.107024 -0.0264529 0.270697 0.235937 
-3.28851 -4.05179 0.145859 0.114668 -0.0283424 0.290033 0.25279 
-3.24108 -4.05525 0.155583 0.122313 -0.0302319 0.309368 0.269642 
-3.19365 -4.0587 0.165307 0.129957 -0.0321214 0.328704 0.286495 
-3.14622 -4.06215 0.175031 0.137602 -0.0340109 0.348039 0.303347 
-3.09878 -4.0656 0.184755 0.145246 -0.0359004 0.367375 0.3202 
-3.05135 -4.06906 0.194479 0.152891 -0.0377899 0.38671 0.337053 
-3.00392 -4.07251 0.204203 0.160535 -0.0396794 0.406046 0.353905 
-2.95649 -4.07596 0.213927 0.16818 -0.0415689 0.425381 0.370758 
-2.90905 -4.07942 0.223651 0.175825 -0.0434584 0.444717 0.387611 
-2.86162 -4.08287 0.233374 0.183469 -0.0453479 0.464052 0.404463 
-2.81419 -4.08632 0.243098 0.191114 -0.0472374 0.483388 0.421316 
-2.76676 -4.08977 0.252822 0.198758 -0.0491269 0.502723 0.438169 
-2.71932 -4.09323 0.262546 0.206403 -0.0510163 0.522059 0.455021 
-2.67189 -4.09668 0.27227 0.214047 -0.0529058 0.541394 0.471874 
-2.62446 -4.10013 0.281994 0.221692 -0.0547953 0.56073 0.488726 
-2.57703 -4.10359 0.291718 0.229336 -0.0566848 0.580065 0.505579 
-2.52959 -4.10704 0.301442 0.236981 -0.0585743 0.599401 0.522432 
-2.48216 -4.11049 0.311166 0.244625 -0.0604638 0.618736 0.539284 
-2.43473 -4.11394 0.32089 0.25227 -0.0623533 0.638072 0.556137 
-2.3873 -4.1174 0.330614 0.259915 -0.0642428 0.657407 0.57299 
-2.33986 -4.12085 0.340338 0.267559 -0.0661323 0.676743 0.589842 
-2.29243 -4.1243 0.350062 0.275204 -0.0680218 0.696078 0.606695 
-2.245 -4.12775 0.359786 0.282848 -0.0699113 0.715414 0.623548 
-2.19757 -4.13121 0.36951 0.290493 -0.0718008 0.734749 0.6404 
-2.15013 -4.13466 0.379233 0.298137 -0.0736903 0.754085 0.657253 
-2.1027 -4.13811 0.388957 0.305782 -0.0755798 0.77342 0.674105 
-2.05527 -4.14157 0.398681 0.313426 -0.0774693 0.792756 0.690958 
-2.00784 -4.14502 0.408405 0.321071 -0.0793588 0.812092 0.707811 
-1.9604 -4.14847 0.418129 0.328715 -0.0812483 0.831427 0.724663 
-1.91297 -4.15192 0.427853 0.33636 -0.0831377 0.850763 0.741516 
-1.86554 -4.15538 0.437577 0.344004 -0.0850272 0.870098 0.758369 
-1.81811 -4.15883 0.447301 0.351649 -0.0869167 0.889434 0.775221 
-1.77067 -4.16228 0.457025 0.359294 -0.0888062 0.908769 0.792074 
-1.72324 -4.16574 0.466749 0.366938 -0.0906957 0.928105 0.808927 
-1.63096 -4.15035 0.444831 0.345801 -0.0567069 0.950119 0.792639 
-1.53869 -4.13496 0.422913 0.324663 -0.0227181 0.972133 0.776351 
-1.44641 -4.11957 0.400994 0.303526 0.0112707 0.994147 0.760064 
-1.35414 -4.10418 0.379076 0.282388 0.0452595 1.01616 0.743776 
-1.26186 -4.0888 0.357158 0.261251 0.0792483 1.03818 0.727488 
-1.16958 -4.07341 0.33524 0.240113 0.113237 1.06019 0.711201 
-1.07731 -4.05802 0.313322 0.218976 0.147226 1.0822 0.694913 
-0.98503 -4.04263 0.291403 0.197838 0.181215 1.10422 0.678625 
-0.892754 -4.02724 0.269485 0.176701 0.215204 1.12623 0.662338 
-0.800478 -4.01186 0.247567 0.155563 0.249192 1.14825 0.64605 
-0.708202 -3.99647 0.225649 0.134426 0.283181 1.17026 0.629762 
-0.615925 -3.98108 0.203731 0.113288 0.31717 1.19227 0.613475 
-0.523649 -3.96569 0.181812 0.0921509 0.351159 1.21429 0.597187 
-0.431373 -3.9503 0.159894 0.0710134 0.385148 1.2363 0.580899 
-0.339096 -3.93492 0.137976 0.0498759 0.419136 1.25832 0.564612 
-0.24682 -3.91953 0.116058 0.0287384 0.453125 1.28033 0.548324 
-0.154544 -3.90414 0.0941397 0.00760092 0.487114 1.30234 0.532036 
-0.0622675 -3.88875 0.0722215 -0.0135366 0.521103 1.32436 0.515749 
0.0300088 -3.87336 0.0503033 -0.034674 0.555092 1.34637 0.499461 
0.122285 -3.85798 0.0283851 -0.0558115 0.589081 1.36839 0.483173 
0.214561 -3.84259 0.00646695 -0.076949 0.623069 1.3904 0.466886 
0.306838 -3.8272 -0.0154512 -0.0980865 0.657058 1.41242 0.450598 
0.399114 -3.81181 -0.0373694 -0.119224 0.691047 1.43443 0.43431 
0.447809 -3.70502 -0.0582135 -0.127785 0.741425 1.3986 0.408185 
0.496504 -3.59822 -0.0790575 -0.136347 0.791804 1.36278 0.382061 
0.5452 -3.49143 -0.0999016 -0.144908 0.842182 1.32696 0.355936 
0.593895 -3.38463 -0.120746 -0.15347 0.892561 1.29113 0.329811 
0.64259 -3.27784 -0.14159 -0.162031 0.942939 1.25531 0.303686 
0.691285 -3.17104 -0.162434 -0.170593 0.993318 1.21948 0.277561 
0.73998 -3.06425 -0.183278 -0.179154 1.0437 1.18366 0.251436 
0.788675 -2.95745 -0.204122 -0.187716 1.09407 1.14783 0.225311 
0.837371 -2.85066 -0.224966 -0.196277 1.14445 1.11201 0.199187 
0.886066 -2.74386 -0.24581 -0.204839 1.19483 1.07618 0.173062 
0.934761 -2.63707 -0.266654 -0.2134 1.24521 1.04036 0.146937 
0.983456 -2.53027 -0.287498 -0.221962 1.29559 1.00453 0.120812 
1.03215 -2.42348 -0.308342 -0.230523 1.34597 0.968709 0.0946871 
1.08085 -2.31668 -0.329186 -0.239085 1.39635 0.932885 0.0685623 
1.12954 -2.20989 -0.35003 -0.247646 1.44672 0.89706 0.0424374 
1.17824 -2.10309 -0.370874 -0.256208 1.4971 0.861235 0.0163126 
1.22693 -1.9963 -0.391718 -0.264769 1.54748 0.825411 -0.0098123 
1.27563 -1.8895 -0.412562 -0.273331 1.59786 0.789586 -0.0359372 
1.32432 -1.78271 -0.433406 -0.281892 1.64824 0.753762 -0.062062 
1.37302 -1.67591 -0.45425 -0.290454 1.69862 0.717937 -0.0881869 
1.42171 -1.56912 -0.475095 -0.299015 1.74899 0.682112 -0.114312 
1.47041 -1.46232 -0.495939 -0.307577 1.79937 0.646288 -0.140437 
1.5191 -1.35553 -0.516783 -0.316138 1.84975 0.610463 -0.166561 
1.54967 -1.30407 -0.547992 -0.295858 1.82924 0.600929 -0.153781 
1.58024 -1.25261 -0.579202 -0.275577 1.80873 0.591396 -0.141001 
1.61081 -1.20115 -0.610412 -0.255296 1.78822 0.581862 -0.128221 
1.64138 -1.1497 -0.641622 -0.235015 1.76771 0.572329 -0.115441 
1.67195 -1.09824 -0.672832 -0.214734 1.74719 0.562795 -0.102661 
1.70252 -1.04678 -0.704042 -0.194454 1.72668 0.553261 -0.089881 
1.73309 -0.995324 -0.735252 -0.174173 1.70617 0.543728 -0.077101 
1.76366 -0.943867 -0.766461 -0.153892 1.68566 0.534194 -0.0643209 
1.79423 -0.892409 -0.797671 -0.133611 1.66515 0.52466 -0.0515408 
1.8248 -0.840952 -0.828881 -0.113331 1.64464 0.515127 -0.0387608 
1.85537 -0.789494 -0.860091 -0.0930497 1.62413 0.505593 -0.0259807 
1.88594 -0.738037 -0.891301 -0.0727689 1.60361 0.49606 -0.0132006 
1.91651 -0.686579 -0.922511 -0.0524882 1.5831 0.486526 -0.000420557 
1.94708 -0.635122 -0.953721 -0.0322074 1.56259 0.476992 0.0123595 
1.97765 -0.583664 -0.98493 -0.0119266 1.54208 0.467459 0.0251396 
2.00822 -0.532207 -1.01614 0.00835419 1.52157 0.457925 0.0379197 
2.03879 -0.480749 -1.04735 0.028635 1.50106 0.448391 0.0506997 
2.06936 -0.429292 -1.07856 0.0489158 1.48054 0.438858 0.0634798 
2.09993 -0.377834 -1.10977 0.0691965 1.46003 0.429324 0.0762599 
2.1305 -0.326376 -1.14098 0.0894773 1.43952 0.419791 0.0890399 
2.16107 -0.274919 -1.17219 0.109758 1.41901 0.410257 0.10182 
2.19164 -0.223461 -1.2034 0.130039 1.3985 0.400723 0.1146 
2.22221 -0.172004 -1.23461 0.15032 1.37799 0.39119 0.12738 
2.25278 -0.120546 -1.26582 0.1706 1.35748 0.381656 0.14016 
2.28335 -0.0690889 -1.29703 0.190881 1.33696 0.372122 0.15294 
2.31392 -0.0176314 -1.32824 0.211162 1.31645 0.362589 0.16572 
2.34449 0.0338261 -1.35945 0.231443 1.29594 0.353055 0.1785 
2.37506 0.0852836 -1.39066 0.251724 1.27543 0.343522 0.19128 
2.40563 0.136741 -1.42187 0.272004 1.25492 0.333988 0.204061 
2.4362 0.188199 -1.45308 0.292285 1.23441 0.324454 0.216841 
2.46677 0.239656 -1.48429 0.312566 1.2139 0.314921 0.229621 
2.49734 0.291114 -1.5155 0.332847 1.19338 0.305387 0.242401 
2.52791 0.342571 -1.54671 0.353128 1.17287 0.295853 0.255181 
2.55848 0.394029 -1.57792 0.373408 1.15236 0.28632 0.267961 
2.58905 0.445486 -1.60913 0.393689 1.13185 0.276786 0.280741 
2.61962 0.496944 -1.64034 0.41397 1.11134 0.267253 0.293521 
2.65019 0.548401 -1.67155 0.434251 1.09083 0.257719 0.306301 
2.68076 0.599859 -1.70276 0.454531 1.07031 0.248185 0.319081 
2.71133 0.651316 -1.73397 0.474812 1.0498 0.238652 0.331861 
2.72718 0.644323 -1.7029 0.481703 1.0317 0.241867 0.315789 
2.74302 0.637329 -1.67184 0.488593 1.0136 0.245082 0.299717 
2.75887 0.630336 -1.64077 0.495484 0.995496 0.248297 0.283645 
2.77472 0.623342 -1.60971 0.502375 0.977394 0.251512 0.267573 
2.79056 0.616349 -1.57864 0.509265 0.959291 0.254727 0.251501 
2.80641 0.609355 -1.54758 0.516156 0.941189 0.257942 0.235429 
2.82226 0.602362 -1.51651 0.523046 0.923087 0.261157 0.219357 
2.8381 0.595368 -1.48545 0.529937 0.904984 0.264372 0.203285 
2.85395 0.588375 -1.45438 0.536828 0.886882 0.267587 0.187213 
2.8698 0.581381 -1.42332 0.543718 0.86878 0.270802 0.171141 
2.88564 0.574388 -1.39225 0.550609 0.850677 0.274018 0.155069 
2.90149 0.567394 -1.36118 0.5575 0.832575 0.277233 0.138997 
2.91734 0.560401 -1.33012 0.56439 0.814473 0.280448 0.122925 
2.93318 0.553407 -1.29905 0.571281 0.79637 0.283663 0.106853 
2.94903 0.546414 -1.26799 0.578171 0.778268 0.286878 0.0907814 
2.96488 0.53942 -1.23692 0.585062 0.760165 0.290093 0.0747094 
2.98072 0.532427 -1.20586 0.591953 0.742063 0.293308 0.0586374 
2.99657 0.525433 -1.17479 0.598843 0.723961 0.296523 0.0425654 
3.01242 0.51844 -1.14373 0.605734 0.705858 0.299738 0.0264935 
3.02826 0.511446 -1.11266 0.612624 0.687756 0.302953 0.0104215 
3.04411 0.504453 -1.0816 0.619515 0.669654 0.306168 -0.00565052 
3.05996 0.497459 -1.05053 0.626406 0.651551 0.309383 -0.0217225 
3.0758 0.490466 -1.01947 0.633296 0.633449 0.312598 -0.0377945 
3.09165 0.483472 -0.988403 0.640187 0.615346 0.315814 -0.0538665 
3.1075 0.476479 -0.957338 0.647077 0.597244 0.319029 -0.0699385 
3.12334 0.469485 -0.926273 0.653968 0.579142 0.322244 -0.0860105 
3.13919 0.462492 -0.895208 0.660859 0.561039 0.325459 -0.102082 
3.15503 0.455498 -0.864142 0.667749 0.542937 0.328674 -0.118154 
3.17088 0.448504 -0.833077 0.67464 0.524835 0.331889 -0.134226 
3.18673 0.441511 -0.802012 0.681531 0.506732 0.335104 -0.150298 
3.20257 0.434517 -0.770947 0.688421 0.48863 0.338319 -0.16637 
3.21842 0.427524 -0.739882 0.695312 0.470527 0.341534 -0.182442 
3.23427 0.42053 -0.708817 0.702202 0.452425 0.344749 -0.198514 
3.25011 0.413537 -0.677751 0.709093 0.434323 0.347964 -0.214586 
3.26596 0.406543 -0.646686 0.715984 0.41622 0.351179 -0.230658 
3.28181 0.39955 -0.615621 0.722874 0.398118 0.354395 -0.24673 
3.29765 0.392556 -0.584556 0.729765 0.380016 0.35761 -0.262802 
3.3135 0.385563 -0.553491 0.736655 0.361913 0.360825 -0.278874 
3.32935 0.378569 -0.522426 0.743546 0.343811 0.36404 -0.294946 
3.34519 0.371576 -0.491361 0.750437 0.325709 0.367255 -0.311018 
3.36104 0.364582 -0.460295 0.757327 0.307606 0.37047 -0.32709 
3.37689 0.357589 -0.42923 0.764218 0.289504 0.373685 -0.343162 
3.39273 0.350595 -0.398165 0.771108 0.271401 0.3769 -0.359234 
3.40858 0.343602 -0.3671 0.777999 0.253299 0.380115 -0.375306 
3.42443 0.336608 -0.336035 0.78489 0.235197 0.38333 -0.391378 
3.44027 0.329615 -0.30497 0.79178 0.217094 0.386545 -0.40745 
3.45612 0.322621 -0.273904 0.798671 0.198992 0.38976 -0.423522 
3.47197 0.315628 -0.242839 0.805562 0.18089 0.392975 -0.439594 
3.48781 0.308634 -0.211774 0.812452 0.162787 0.396191 -0.455666 
3.50366 0.301641 -0.180709 0.819343 0.144685 0.399406 -0.471738 
3.51951 0.294647 -0.149644 0.826233 0.126582 0.402621 -0.48781 
3.53535 0.287654 -0.118579 0.833124 0.10848 0.405836 -0.503882 
3.5512 0.28066 -0.0875135 0.840015 0.0903777 0.409051 -0.519954 
3.56704 0.273667 -0.0564484 0.846905 0.0722753 0.412266 -0.536026 
3.58289 0.266673 -0.0253832 0.853796 0.054173 0.415481 -0.552098 
3.59874 0.25968 0.00568194 0.860686 0.0360706 0.418696 -0.56817 
3.61458 0.252686 0.0367471 0.867577 0.0179682 0.421911 -0.584242 
3.63043 0.245693 0.0678122 0.874468 -0.00013414 0.425126 -0.600314 
3.64628 0.238699 0.0988774 0.881358 -0.0182365 0.428341 -0.616386 
3.66212 0.231706 0.129943 0.888249 -0.0363389 0.431556 -0.632458 
3.67797 0.224712 0.161008 0.895139 -0.0544413 0.434771 -0.64853 
3.69382 0.217719 0.192073 0.90203 -0.0725436 0.437987 -0.664602 
3.70966 0.210725 0.223138 0.908921 -0.090646 0.441202 -0.680674 
3.72551 0.203732 0.254203 0.915811 -0.108748 0.444417 -0.696746 
3.74136 0.196738 0.285268 0.922702 -0.126851 0.447632 -0.712818 
3.75438 0.196561 0.254179 0.92776 -0.139572 0.424872 -0.744766 
3.76741 0.196384 0.22309 0.932819 -0.152294 0.402112 -0.776714 
3.78043 0.196207 0.192 0.937878 -0.165016 0.379352 -0.808662 
3.79345 0.19603 0.160911 0.942936 -0.177737 0.356592 -0.840609 
3.80648 0.195853 0.129822 0.947995 -0.190459 0.333832 -0.872557 
3.8195 0.195676 0.0987324 0.953053 -0.203181 0.311072 -0.904505 
3.83253 0.195499 0.0676431 0.958112 -0.215902 0.288312 -0.936453 
3.84555 0.195322 0.0365537 0.963171 -0.228624 0.265552 -0.968401 
3.85857 0.195145 0.00546442 0.968229 -0.241345 0.242792 -1.00035 
3.8716 0.194968 -0.0256249 0.973288 -0.254067 0.220031 -1.0323 
3.88462 0.194791 -0.0567142 0.978346 -0.266789 0.197271 -1.06424 
3.89765 0.194614 -0.0878036 0.983405 -0.27951 0.174511 -1.09619 
3.91067 0.194437 -0.118893 0.988464 -0.292232 0.151751 -1.12814 
3.92369 0.19426 -0.149982 0.993522 -0.304954 0.128991 -1.16009 
3.93672 0.194083 -0.181072 0.998581 -0.317675 0.106231 -1.19204 
3.94974 0.193906 -0.212161 1.00364 -0.330397 0.0834713 -1.22398 
3.96277 0.193729 -0.24325 1.0087 -0.343119 0.0607113 -1.25593 
3.97579 0.193552 -0.27434 1.01376 -0.35584 0.0379512 -1.28788 
3.98882 0.193375 -0.305429 1.01882 -0.368562 0.0151912 -1.31983 
4.00184 0.193198 -0.336518 1.02387 -0.381283 -0.00756882 -1.35177 
4.01486 0.193021 -0.367607 1.02893 -0.394005 -0.0303288 -1.38372 
4.02789 0.192844 -0.398697 1.03399 -0.406727 -0.0530889 -1.41567 
4.04091 0.192668 -0.429786 1.03905 -0.419448 -0.0758489 -1.44762 
4.05394 0.192491 -0.460875 1.04411 -0.43217 -0.0986089 -1.47957 
4.06696 0.192314 -0.491965 1.04917 -0.444892 -0.121369 -1.51151 
4.07998 0.192137 -0.523054 1.05423 -0.457613 -0.144129 -1.54346 
4.09301 0.19196 -0.554143 1.05928 -0.470335 -0.166889 -1.57541 
4.10603 0.191783 -0.585233 1.06434 -0.483057 -0.189649 -1.60736 
4.11906 0.191606 -0.616322 1.0694 -0.495778 -0.212409 -1.63931 
4.13208 0.191429 -0.647411 1.07446 -0.5085 -0.235169 -1.67125 
4.14511 0.191252 -0.678501 1.07952 -0.521221 -0.257929 -1.7032 
4.15813 0.191075 -0.70959 1.08458 -0.533943 -0.280689 -1.73515 
4.17115 0.190898 -0.740679 1.08964 -0.546665 -0.303449 -1.7671 
4.18418 0.190721 -0.771769 1.09469 -0.559386 -0.326209 -1.79904 
4.1972 0.190544 -0.802858 1.09975 -0.572108 -0.348969 -1.83099 
4.21023 0.190367 -0.833947 1.10481 -0.58483 -0.371729 -1.86294 
4.22325 0.19019 -0.865037 1.10987 -0.597551 -0.394489 -1.89489 
4.23627 0.190013 -0.896126 1.11493 -0.610273 -0.417249 -1.92684 
4.2493 0.189836 -0.927215 1.11999 -0.622995 -0.440009 -1.95878 
4.26232 0.189659 -0.958305 1.12505 -0.635716 -0.462769 -1.99073 
4.27535 0.189482 -0.989394 1.1301 -0.648438 -0.485529 -2.02268 
4.28837 0.189305 -1.02048 1.13516 -0.66116 -0.508289 -2.05463 
4.30139 0.189128 -1.05157 1.14022 -0.673881 -0.53105 -2.08658 
4.31442 0.188951 -1.08266 1.14528 -0.686603 -0.55381 -2.11852 
4.32744 0.188774 -1.11375 1.15034 -0.699324 -0.57657 -2.15047 
4.34047 0.188597 -1.14484 1.1554 -0.712046 -0.59933 -2.18242 
4.35349 0.18842 -1.17593 1.16046 -0.724768 -0.62209 -2.21437 
4.36652 0.188243 -1.20702 1.16551 -0.737489 -0.64485 -2.24631 
4.37954 0.188066 -1.23811 1.17057 -0.750211 -0.66761 -2.27826 
4.39256 0.187889 -1.2692 1.17563 -0.762933 -0.69037 -2.31021 
4.40559 0.187712 -1.30029 1.18069 -0.775654 -0.71313 -2.34216 
4.41861 0.187535 -1.33138 1.18575 -0.788376 -0.73589 -2.37411 
4.43164 0.187358 -1.36247 1.19081 -0.801098 -0.75865 -2.40605 
4.44466 0.187181 -1.39356 1.19587 -0.813819 -0.78141 -2.438 
4.45768 0.187004 -1.42464 1.20092 -0.826541 -0.80417 -2.46995 
4.47071 0.186827 -1.45573 1.20598 -0.839262 -0.82693 -2.5019 
4.48373 0.18665 -1.48682 1.21104 -0.851984 -0.84969 -2.53384 
4.49676 0.186473 -1.51791 1.2161 -0.864706 -0.87245 -2.56579 
4.50978 0.186296 -1.549 1.22116 -0.877427 -0.89521 -2.59774 
4.52281 0.186119 -1.58009 1.22622 -0.890149 -0.91797 -2.62969 
4.53583 0.185942 -1.61118 1.23128 -0.902871 -0.94073 -2.66164 
4.54885 0.185765 -1.64227 1.23633 -0.915592 -0.96349 -2.69358 
4.56188 0.185588 -1.67336 1.24139 -0.928314 -0.98625 -2.72553 
4.5749 0.185411 -1.70445 1.24645 -0.941036 -1.00901 -2.75748 
4.55316 0.0653422 -1.73481 1.24026 -0.967218 -1.01134 -2.76422 
4.53141 -0.0547269 -1.76517 1.23406 -0.9934 -1.01366 -2.77097 
4.50967 -0.174796 -1.79553 1.22786 -1.01958 -1.01599 -2.77771 
4.48792 -0.294865 -1.82589 1.22167 -1.04577 -1.01831 -2.78446 
4.46618 -0.414934 -1.85625 1.21547 -1.07195 -1.02064 -2.7912 
4.44443 -0.535003 -1.88661 1.20928 -1.09813 -1.02296 -2.79794 
4.42269 -0.655072 -1.91697 1.20308 -1.12431 -1.02529 -2.80469 
4.40094 -0.775141 -1.94733 1.19689 -1.1505 -1.02761 -2.81143 
4.3792 -0.89521 -1.97769 1.19069 -1.17668 -1.02994 -2.81818 
4.35745 -1.01528 -2.00805 1.18449 -1.20286 -1.03227 -2.82492 
4.33571 -1.13535 -2.0384 1.1783 -1.22904 -1.03459 -2.83166 
4.31397 -1.25542 -2.06876 1.1721 -1.25523 -1.03692 -2.83841 
4.29222 -1.37549 -2.09912 1.16591 -1.28141 -1.03924 -2.84515 
4.27048 -1.49556 -2.12948 1.15971 -1.30759 -1.04157 -2.8519 
4.24873 -1.61562 -2.15984 1.15352 -1.33377 -1.04389 -2.85864 
4.22699 -1.73569 -2.1902 1.14732 -1.35996 -1.04622 -2.86538 
4.20524 -1.85576 -2.22056 1.14113 -1.38614 -1.04854 -2.87213 
4.1835 -1.97583 -2.25092 1.13493 -1.41232 -1.05087 -2.87887 
4.16175 -2.0959 -2.28128 1.12873 -1.4385 -1.05319 -2.88562 
4.14001 -2.21597 -2.31164 1.12254 -1.46469 -1.05552 -2.89236 
4.11826 -2.33604 -2.342 1.11634 -1.49087 -1.05785 -2.89911 
4.10904 -2.31272 -2.31122 1.09901 -1.47426 -1.03806 -2.92353 
4.09983 -2.28939 -2.28044 1.08168 -1.45766 -1.01827 -2.94795 
4.09061 -2.26607 -2.24966 1.06435 -1.44105 -0.998482 -2.97238 
4.08139 -2.24275 -2.21889 1.04702 -1.42445 -0.978694 -2.9968 
4.07217 -2.21943 -2.18811 1.02969 -1.40784 -0.958906 -3.02123 
4.06295 -2.1961 -2.15733 1.01236 -1.39124 -0.939118 -3.04565 
4.05373 -2.17278 -2.12655 0.995032 -1.37463 -0.91933 -3.07008 
4.04451 -2.14946 -2.09577 0.977702 -1.35803 -0.899542 -3.0945 
4.0353 -2.12614 -2.06499 0.960372 -1.34142 -0.879754 -3.11893 
4.02608 -2.10281 -2.03421 0.943042 -1.32481 -0.859966 3.13983 
4.01686 -2.07949 -2.00343 0.925712 -1.30821 -0.840179 3.11541 
4.00764 -2.05617 -1.97266 0.908382 -1.2916 -0.820391 3.09098 
3.99842 -2.03284 -1.94188 0.891052 -1.275 -0.800603 3.06656 
3.9892 -2.00952 -1.9111 0.873722 -1.25839 -0.780815 3.04214 
3.97998 -1.9862 -1.88032 0.856392 -1.24179 -0.761027 3.01771 
3.97076 -1.96288 -1.84954 0.839062 -1.22518 -0.741239 2.99329 
3.96155 -1.93955 -1.81876 0.821732 -1.20858 -0.721451 2.96886 
3.95233 -1.91623 -1.78798 0.804402 -1.19197 -0.701663 2.94444 
3.94311 -1.89291 -1.7572 0.787072 -1.17537 -0.681875 2.92001 
3.93389 -1.86959 -1.72642 0.769741 -1.15876 -0.662087 2.89559 
3.92467 -1.84626 -1.69565 0.752411 -1.14216 -0.642299 2.87116 
3.91545 -1.82294 -1.66487 0.735081 -1.12555 -0.622512 2.84674 
3.90623 -1.79962 -1.63409 0.717751 -1.10895 -0.602724 2.82231 
3.89701 -1.7763 -1.60331 0.700421 -1.09234 -0.582936 2.79789 
3.8878 -1.75297 -1.57253 0.683091 -1.07573 -0.563148 2.77346 
3.87858 -1.72965 -1.54175 0.665761 -1.05913 -0.54336 2.74904 
3.86936 -1.70633 -1.51097 0.648431 -1.04252 -0.523572 2.72462 
3.86014 -1.683 -1.48019 0.631101 -1.02592 -0.503784 2.70019 
3.85092 -1.65968 -1.44941 0.613771 -1.00931 -0.483996 2.67577 
3.8417 -1.63636 -1.41864 0.596441 -0.992708 -0.464208 2.65134 
3.83248 -1.61304 -1.38786 0.579111 -0.976103 -0.44442 2.62692 
3.82326 -1.58971 -1.35708 0.561781 -0.959497 -0.424632 2.60249 
3.81405 -1.56639 -1.3263 0.544451 -0.942892 -0.404844 2.57807 
3.80483 -1.54307 -1.29552 0.527121 -0.926287 -0.385057 2.55364 
3.79561 -1.51975 -1.26474 0.509791 -0.909681 -0.365269 2.52922 
3.78639 -1.49642 -1.23396 0.49246 -0.893076 -0.345481 2.50479 
3.77717 -1.4731 -1.20318 0.47513 -0.876471 -0.325693 2.48037 
3.76795 -1.44978 -1.1724 0.4578 -0.859866 -0.305905 2.45594 
3.75873 -1.42646 -1.14163 0.44047 -0.84326 -0.286117 2.43152 
3.74951 -1.40313 -1.11085 0.42314 -0.826655 -0.266329 2.40709 
3.7403 -1.37981 -1.08007 0.40581 -0.81005 -0.246541 2.38267 
3.73108 -1.35649 -1.04929 0.38848 -0.793444 -0.226753 2.35825 
3.72186 -1.33317 -1.01851 0.37115 -0.776839 -0.206965 2.33382 
3.71264 -1.30984 -0.987732 0.35382 -0.760234 -0.187177 2.3094 
3.70342 -1.28652 -0.956953 0.33649 -0.743628 -0.167389 2.28497 
3.6942 -1.2632 -0.926174 0.31916 -0.727023 -0.147602 2.26055 
3.68498 -1.23987 -0.895395 0.30183 -0.710418 -0.127814 2.23612 
3.67577 -1.21655 -0.864616 0.2845 -0.693812 -0.108026 2.2117 
3.66655 -1.19323 -0.833837 0.26717 -0.677207 -0.0882378 2.18727 
3.64582 -1.0783 -0.803075 0.271449 -0.673444 -0.158822 2.22219 
3.6251 -0.963381 -0.772313 0.275728 -0.669681 -0.229407 2.25711 
3.60438 -0.848456 -0.741551 0.280007 -0.665918 -0.299991 2.29202 
3.58366 -0.733532 -0.710789 0.284286 -0.662155 -0.370575 2.32694 
3.56294 -0.618608 -0.680027 0.288565 -0.658392 -0.44116 2.36186 
3.54222 -0.503684 -0.649265 0.292844 -0.654629 -0.511744 2.39677 
3.52149 -0.38876 -0.618504 0.297123 -0.650866 -0.582328 2.43169 
3.50077 -0.273835 -0.587742 0.301402 -0.647103 -0.652913 2.46661 
3.48005 -0.158911 -0.55698 0.305681 -0.64334 -0.723497 2.50153 
3.45933 -0.0439869 -0.526218 0.30996 -0.639577 -0.794082 2.53644 
3.43861 0.0709373 -0.495456 0.314239 -0.635814 -0.864666 2.57136 
3.41789 0.185862 -0.464694 0.318518 -0.632051 -0.93525 2.60628 
3.39716 0.300786 -0.433932 0.322797 -0.628288 -1.00583 2.64119 
3.37644 0.41571 -0.40317 0.327076 -0.624525 -1.07642 2.67611 
3.35572 0.530634 -0.372408 0.331355 -0.620762 -1.147 2.71103 
3.335 0.645558 -0.341646 0.335634 -0.616999 -1.21759 2.74594 
3.31428 0.760483 -0.310884 0.339913 -0.613236 -1.28817 2.78086 
3.29356 0.875407 -0.280122 0.344192 -0.609473 -1.35876 2.81578 
3.27283 0.990331 -0.24936 0.348471 -0.60571 -1.42934 2.85069 
3.25211 1.10526 -0.218598 0.35275 -0.601947 -1.49993 2.88561 
3.23139 1.22018 -0.187836 0.357029 -0.598184 -1.57051 2.92053 
3.21067 1.3351 -0.157074 0.361308 -0.594421 -1.64109 2.95545 
3.18995 1.45003 -0.126312 0.365587 -0.590658 -1.71168 2.99036 
3.16923 1.56495 -0.0955501 0.369866 -0.586895 -1.78226 3.02528 
3.1485 1.67988 -0.0647881 0.374145 -0.583132 -1.85285 3.0602 
3.14595 1.70261 -0.0636726 0.367703 -0.600137 -1.82094 3.00751 
3.14339 1.72534 -0.0625571 0.361261 -0.617143 -1.78904 2.95481 
3.14083 1.74807 -0.0614415 0.354819 -0.634148 -1.75714 2.90212 
3.13828 1.7708 -0.060326 0.348377 -0.651154 -1.72524 2.84943 
3.13572 1.79353 -0.0592105 0.341935 -0.66816 -1.69333 2.79674 
3.13316 1.81626 -0.058095 0.335493 -0.685165 -1.66143 2.74405 
3.13061 1.83899 -0.0569794 0.329051 -0.702171 -1.62953 2.69136 
3.12805 1.86172 -0.0558639 0.322609 -0.719177 -1.59763 2.63867 
3.12549 1.88445 -0.0547484 0.316166 -0.736182 -1.56572 2.58598 
3.12293 1.90718 -0.0536328 0.309724 -0.753188 -1.53382 2.53329 
3.12038 1.92991 -0.0525173 0.303282 -0.770193 -1.50192 2.4806 
3.11782 1.95264 -0.0514018 0.29684 -0.787199 -1.47002 2.42791 
3.11526 1.97537 -0.0502863 0.290398 -0.804205 -1.43811 2.37522 
3.11271 1.9981 -0.0491707 0.283956 -0.82121 -1.40621 2.32253 
3.11015 2.02083 -0.0480552 0.277514 -0.838216 -1.37431 2.26983 
3.10759 2.04356 -0.0469397 0.271072 -0.855221 -1.34241 2.21714 
3.10504 2.06629 -0.0458241 0.26463 -0.872227 -1.3105 2.16445 
3.10248 2.08902 -0.0447086 0.258188 -0.889233 -1.2786 2.11176 
3.09992 2.11175 -0.0435931 0.251746 -0.906238 -1.2467 2.05907 
3.09736 2.13448 -0.0424775 0.245304 -0.923244 -1.2148 2.00638 
3.09481 2.15721 -0.041362 0.238862 -0.940249 -1.18289 1.95369 
3.09225 2.17994 -0.0402465 0.23242 -0.957255 -1.15099 1.901 
3.08969 2.20267 -0.039131 0.225977 -0.974261 -1.11909 1.84831 
3.08714 2.2254 -0.0380154 0.219535 -0.991266 -1.08719 1.79562 
3.08458 2.24813 -0.0368999 0.213093 -1.00827 -1.05528 1.74293 
3.08202 2.27086 -0.0357844 0.206651 -1.02528 -1.02338 1.69024 
3.07947 2.29359 -0.0346688 0.200209 -1.04228 -0.991479 1.63754 
3.07691 2.31632 -0.0335533 0.193767 -1.05929 -0.959576 1.58485 
3.07435 2.33905 -0.0324378 0.187325 -1.07629 -0.927674 1.53216 
3.0718 2.36178 -0.0313223 0.180883 -1.0933 -0.895771 1.47947 
3.06924 2.38451 -0.0302067 0.174441 -1.11031 -0.863869 1.42678 
3.06668 2.40724 -0.0290912 0.167999 -1.12731 -0.831966 1.37409 
3.06412 2.42997 -0.0279757 0.161557 -1.14432 -0.800064 1.3214 
3.06157 2.4527 -0.0268601 0.155115 -1.16132 -0.768161 1.26871 
3.05901 2.47543 -0.0257446 0.148673 -1.17833 -0.736259 1.21602 
3.05645 2.49816 -0.0246291 0.142231 -1.19533 -0.704356 1.16333 
3.0539 2.52089 -0.0235136 0.135788 -1.21234 -0.672454 1.11064 
3.05134 2.54362 -0.022398 0.129346 -1.22934 -0.640551 1.05795 
3.04878 2.56635 -0.0212825 0.122904 -1.24635 -0.608649 1.00526 
3.04623 2.58908 -0.020167 0.116462 -1.26336 -0.576746 0.952564 
3.04367 2.61181 -0.0190514 0.11002 -1.28036 -0.544844 0.899874 
3.04111 2.63454 -0.0179359 0.103578 -1.29737 -0.512941 0.847183 
3.03837 2.6589 -0.0167402 0.0966729 -1.3156 -0.478745 0.790704 
3.03563 2.68327 -0.0155445 0.0897677 -1.33382 -0.444549 0.734225 
3.03289 2.70763 -0.0143487 0.0828625 -1.35205 -0.410353 0.677746 
3.03015 2.73199 -0.013153 0.0759573 -1.37028 -0.376157 0.621267 
3.02741 2.75636 -0.0119573 0.0690521 -1.38851 -0.341961 0.564789 
3.02467 2.78072 -0.0107615 0.0621468 -1.40674 -0.307765 0.50831 
3.02193 2.80509 -0.00956582 0.0552416 -1.42496 -0.273569 0.451831 
3.01919 2.82945 -0.00837009 0.0483364 -1.44319 -0.239372 0.395352 
3.01644 2.85382 -0.00717436 0.0414312 -1.46142 -0.205176 0.338873 
3.0137 2.87818 -0.00597863 0.034526 -1.47965 -0.17098 0.282394 
3.01096 2.90254 -0.00478291 0.0276208 -1.49788 -0.136784 0.225915 
3.00822 2.92691 -0.00358718 0.0207156 -1.51611 -0.102588 0.169437 
3.00548 2.95127 -0.00239145 0.0138104 -1.53433 -0.0683921 0.112958 
3.00274 2.97564 -0.00119573 0.00690521 -1.55256 -0.0341961 0.0564789 
3 3 0 0 -1.57079 0 0 

