-4 -4 0 0 0 0 0
-3.98623 -3.99758 0.00372953 -0.00166235 -0.00135654 0.00410456 -0.0044488
-3.97246 -3.99516 0.00745906 -0.00332471 -0.00271309 0.00820912 -0.0088976
-3.9587 -3.99274 0.0111886 -0.00498706 -0.00406963 0.0123137 -0.0133464
-3.94493 -3.99032 0.0149181 -0.00664941 -0.00542618 0.0164182 -0.0177952
-3.93116 -3.9879 0.0186476 -0.00831177 -0.00678272 0.0205228 -0.022244
-3.91739 -3.98548 0.0223772 -0.00997412 -0.00813926 0.0246274 -0.0266928
-3.90362 -3.98306 0.0261067 -0.0116365 -0.00949581 0.0287319 -0.0311416
-3.88985 -3.98064 0.0298362 -0.0132988 -0.0108524 0.0328365 -0.0355904
-3.87609 -3.97823 0.0335658 -0.0149612 -0.0122089 0.036941 -0.0400392
-3.86232 -3.97581 0.0372953 -0.0166235 -0.0135654 0.0410456 -0.044488
-3.84855 -3.97339 0.0410248 -0.0182859 -0.014922 0.0451501 -0.0489368
-3.83478 -3.97097 0.0447544 -0.0199482 -0.0162785 0.0492547 -0.0533856
-3.82101 -3.96855 0.0484839 -0.0216106 -0.0176351 0.0533593 -0.0578344
-3.80724 -3.96613 0.0522134 -0.0232729 -0.0189916 0.0574638 -0.0622832
-3.79348 -3.96371 0.0559429 -0.0249353 -0.0203482 0.0615684 -0.066732
-3.77971 -3.96129 0.0596725 -0.0265976 -0.0217047 0.0656729 -0.0711808
-3.76594 -3.95887 0.063402 -0.02826 -0.0230612 0.0697775 -0.0756296
-3.75217 -3.95645 0.0671315 -0.0299224 -0.0244178 0.0738821 -0.0800784
-3.7384 -3.95403 0.0708611 -0.0315847 -0.0257743 0.0779866 -0.0845272
-3.72463 -3.95161 0.0745906 -0.0332471 -0.0271309 0.0820912 -0.088976
-3.71087 -3.94919 0.0783201 -0.0349094 -0.0284874 0.0861957 -0.0934248
-3.6971 -3.94677 0.0820496 -0.0365718 -0.029844 0.0903003 -0.0978736
-3.68333 -3.94435 0.0857792 -0.0382341 -0.0312005 0.0944049 -0.102322
-3.66956 -3.94193 0.0895087 -0.0398965 -0.0325571 0.0985094 -0.106771
-3.65579 -3.93952 0.0932382 -0.0415588 -0.0339136 0.102614 -0.11122
-3.64202 -3.9371 0.0969678 -0.0432212 -0.0352701 0.106719 -0.115669
-3.62826 -3.93468 0.100697 -0.0448835 -0.0366267 0.110823 -0.120118
-3.61449 -3.93226 0.104427 -0.0465459 -0.0379832 0.114928 -0.124566
-3.60072 -3.92984 0.108156 -0.0482082 -0.0393398 0.119032 -0.129015
-3.58695 -3.92742 0.111886 -0.0498706 -0.0406963 0.123137 -0.133464
-3.57318 -3.925 0.115615 -0.0515329 -0.0420529 0.127241 -0.137913
-3.55941 -3.92258 0.119345 -0.0531953 -0.0434094 0.131346 -0.142362
-3.54565 -3.92016 0.123074 -0.0548576 -0.044766 0.13545 -0.14681
-3.53188 -3.91774 0.126804 -0.05652 -0.0461225 0.139555 -0.151259
-3.51811 -3.91532 0.130534 -0.0581824 -0.047479 0.14366 -0.155708
-3.50434 -3.9129 0.134263 -0.0598447 -0.0488356 0.147764 -0.160157
-3.49057 -3.91048 0.137993 -0.0615071 -0.0501921 0.151869 -0.164606
-3.47681 -3.90806 0.141722 -0.0631694 -0.0515487 0.155973 -0.169054
-3.46304 -3.90564 0.145452 -0.0648318 -0.0529052 0.160078 -0.173503
-3.44927 -3.90322 0.149181 -0.0664941 -0.0542618 0.164182 -0.177952
-3.4355 -3.90081 0.152911 -0.0681565 -0.0556183 0.168287 -0.182401
-3.42173 -3.89839 0.15664 -0.0698188 -0.0569749 0.172391 -0.18685
-3.40796 -3.89597 0.16037 -0.0714812 -0.0583314 0.176496 -0.191298
-3.3942 -3.89355 0.164099 -0.0731435 -0.0596879 0.180601 -0.195747
-3.38043 -3.89113 0.167829 -0.0748059 -0.0610445 0.184705 -0.200196
-3.36666 -3.88871 0.171558 -0.0764682 -0.062401 0.18881 -0.204645
-3.35289 -3.88629 0.175288 -0.0781306 -0.0637576 0.192914 -0.209094
-3.33912 -3.88387 0.179017 -0.0797929 -0.0651141 0.197019 -0.213542
-3.32535 -3.88145 0.182747 -0.0814553 -0.0664707 0.201123 -0.217991
-3.31159 -3.87903 0.186476 -0.0831177 -0.0678272 0.205228 -0.22244
-3.29782 -3.87661 0.190206 -0.08478 -0.0691837 0.209332 -0.226889
-3.28405 -3.87419 0.193936 -0.0864424 -0.0705403 0.213437 -0.231338
-3.27028 -3.87177 0.197665 -0.0881047 -0.0718968 0.217542 -0.235786
-3.25651 -3.86935 0.201395 -0.0897671 -0.0732534 0.221646 -0.240235
-3.24274 -3.86693 0.205124 -0.0914294 -0.0746099 0.225751 -0.244684
-3.22898 -3.86451 0.208854 -0.0930918 -0.0759665 0.229855 -0.249133
-3.21521 -3.8621 0.212583 -0.0947541 -0.077323 0.23396 -0.253582
-3.20144 -3.85968 0.216313 -0.0964165 -0.0786796 0.238064 -0.25803
-3.18767 -3.85726 0.220042 -0.0980788 -0.0800361 0.242169 -0.262479
-3.1739 -3.85484 0.223772 -0.0997412 -0.0813926 0.246274 -0.266928
-3.16013 -3.85242 0.227501 -0.101404 -0.0827492 0.250378 -0.271377
-3.14637 -3.85 0.231231 -0.103066 -0.0841057 0.254483 -0.275826
-3.1326 -3.84758 0.23496 -0.104728 -0.0854623 0.258587 -0.280274
-3.11883 -3.84516 0.23869 -0.106391 -0.0868188 0.262692 -0.284723
-3.10506 -3.84274 0.242419 -0.108053 -0.0881754 0.266796 -0.289172
-3.09129 -3.84032 0.246149 -0.109715 -0.0895319 0.270901 -0.293621
-3.07752 -3.8379 0.249878 -0.111378 -0.0908885 0.275005 -0.29807
-3.06376 -3.83548 0.253608 -0.11304 -0.092245 0.27911 -0.302518
-3.04999 -3.83306 0.257338 -0.114702 -0.0936015 0.283215 -0.306967
-3.03622 -3.83064 0.261067 -0.116365 -0.0949581 0.287319 -0.311416
-3.02245 -3.82822 0.264797 -0.118027 -0.0963146 0.291424 -0.315865
-3.00868 -3.8258 0.268526 -0.119689 -0.0976712 0.295528 -0.320314
-2.99491 -3.82339 0.272256 -0.121352 -0.0990277 0.299633 -0.324762
-2.98115 -3.82097 0.275985 -0.123014 -0.100384 0.303737 -0.329211
-2.96738 -3.81855 0.279715 -0.124676 -0.101741 0.307842 -0.33366
-2.95361 -3.81613 0.283444 -0.126339 -0.103097 0.311946 -0.338109
-2.93984 -3.81371 0.287174 -0.128001 -0.104454 0.316051 -0.342558
-2.92607 -3.81129 0.290903 -0.129664 -0.10581 0.320156 -0.347006
-2.91231 -3.80887 0.294633 -0.131326 -0.107167 0.32426 -0.351455
-2.89854 -3.80645 0.298362 -0.132988 -0.108524 0.328365 -0.355904
-2.88477 -3.80403 0.302092 -0.134651 -0.10988 0.332469 -0.360353
-2.871 -3.80161 0.305821 -0.136313 -0.111237 0.336574 -0.364802
-2.85723 -3.79919 0.309551 -0.137975 -0.112593 0.340678 -0.36925
-2.84346 -3.79677 0.31328 -0.139638 -0.11395 0.344783 -0.373699
-2.8297 -3.79435 0.31701 -0.1413 -0.115306 0.348887 -0.378148
-2.81593 -3.79193 0.32074 -0.142962 -0.116663 0.352992 -0.382597
-2.80216 -3.78951 0.324469 -0.144625 -0.118019 0.357097 -0.387046
-2.78839 -3.78709 0.328199 -0.146287 -0.119376 0.361201 -0.391494
-2.77462 -3.78467 0.331928 -0.147949 -0.120732 0.365306 -0.395943
-2.76085 -3.78226 0.335658 -0.149612 -0.122089 0.36941 -0.400392
-2.74709 -3.77984 0.339387 -0.151274 -0.123446 0.373515 -0.404841
-2.73332 -3.77742 0.343117 -0.152936 -0.124802 0.377619 -0.40929
-2.71955 -3.775 0.346846 -0.154599 -0.126159 0.381724 -0.413738
-2.70578 -3.77258 0.350576 -0.156261 -0.127515 0.385829 -0.418187
-2.69201 -3.77016 0.354305 -0.157924 -0.128872 0.389933 -0.422636
-2.67824 -3.76774 0.358035 -0.159586 -0.130228 0.394038 -0.427085
-2.66448 -3.76532 0.361764 -0.161248 -0.131585 0.398142 -0.431534
-2.65071 -3.7629 0.365494 -0.162911 -0.132941 0.402247 -0.435982
-2.63694 -3.76048 0.369223 -0.164573 -0.134298 0.406351 -0.440431
-2.62317 -3.75806 0.372953 -0.166235 -0.135654 0.410456 -0.44488
-2.6094 -3.75564 0.376682 -0.167898 -0.137011 0.41456 -0.449329
-2.59563 -3.75322 0.380412 -0.16956 -0.138367 0.418665 -0.453778
-2.58187 -3.7508 0.384142 -0.171222 -0.139724 0.42277 -0.458226
-2.5681 -3.74838 0.387871 -0.172885 -0.141081 0.426874 -0.462675
-2.55433 -3.74596 0.391601 -0.174547 -0.142437 0.430979 -0.467124
-2.54056 -3.74355 0.39533 -0.176209 -0.143794 0.435083 -0.471573
-2.52679 -3.74113 0.39906 -0.177872 -0.14515 0.439188 -0.476022
-2.51302 -3.73871 0.402789 -0.179534 -0.146507 0.443292 -0.48047
-2.49926 -3.73629 0.406519 -0.181196 -0.147863 0.447397 -0.484919
-2.48549 -3.73387 0.410248 -0.182859 -0.14922 0.451501 -0.489368
-2.47172 -3.73145 0.413978 -0.184521 -0.150576 0.455606 -0.493817
-2.45795 -3.72903 0.417707 -0.186184 -0.151933 0.459711 -0.498266
-2.44418 -3.72661 0.421437 -0.187846 -0.153289 0.463815 -0.502715
-2.43042 -3.72419 0.425166 -0.189508 -0.154646 0.46792 -0.507163
-2.41665 -3.72177 0.428896 -0.191171 -0.156003 0.472024 -0.511612
-2.40288 -3.71935 0.432625 -0.192833 -0.157359 0.476129 -0.516061
-2.38911 -3.71693 0.436355 -0.194495 -0.158716 0.480233 -0.52051
-2.37534 -3.71451 0.440084 -0.196158 -0.160072 0.484338 -0.524959
-2.36157 -3.71209 0.443814 -0.19782 -0.161429 0.488442 -0.529407
-2.34781 -3.70967 0.447544 -0.199482 -0.162785 0.492547 -0.533856
-2.33404 -3.70725 0.451273 -0.201145 -0.164142 0.496652 -0.538305
-2.32027 -3.70484 0.455003 -0.202807 -0.165498 0.500756 -0.542754
-2.3065 -3.70242 0.458732 -0.204469 -0.166855 0.504861 -0.547203
-2.29273 -3.7 0.462462 -0.206132 -0.168211 0.508965 -0.551651
-2.27896 -3.69758 0.466191 -0.207794 -0.169568 0.51307 -0.5561
-2.2652 -3.69516 0.469921 -0.209456 -0.170925 0.517174 -0.560549
-2.25143 -3.69274 0.47365 -0.211119 -0.172281 0.521279 -0.564998
-2.23766 -3.69032 0.47738 -0.212781 -0.173638 0.525384 -0.569447
-2.22389 -3.6879 0.481109 -0.214444 -0.174994 0.529488 -0.573895
-2.21012 -3.68548 0.484839 -0.216106 -0.176351 0.533593 -0.578344
-2.19635 -3.68306 0.488568 -0.217768 -0.177707 0.537697 -0.582793
-2.18259 -3.68064 0.492298 -0.219431 -0.179064 0.541802 -0.587242
-2.16882 -3.67822 0.496027 -0.221093 -0.18042 0.545906 -0.591691
-2.15505 -3.6758 0.499757 -0.222755 -0.181777 0.550011 -0.596139
-2.14128 -3.67338 0.503486 -0.224418 -0.183133 0.554115 -0.600588
-2.12751 -3.67096 0.507216 -0.22608 -0.18449 0.55822 -0.605037
-2.11374 -3.66854 0.510945 -0.227742 -0.185847 0.562325 -0.609486
-2.09998 -3.66613 0.514675 -0.229405 -0.187203 0.566429 -0.613935
-2.08621 -3.66371 0.518405 -0.231067 -0.18856 0.570534 -0.618383
-2.07244 -3.66129 0.522134 -0.232729 -0.189916 0.574638 -0.622832
-2.05867 -3.65887 0.525864 -0.234392 -0.191273 0.578743 -0.627281
-2.0449 -3.65645 0.529593 -0.236054 -0.192629 0.582847 -0.63173
-2.03113 -3.65403 0.533323 -0.237716 -0.193986 0.586952 -0.636179
-2.01737 -3.65161 0.537052 -0.239379 -0.195342 0.591056 -0.640627
-2.0036 -3.64919 0.540782 -0.241041 -0.196699 0.595161 -0.645076
-1.98983 -3.64677 0.544511 -0.242704 -0.198055 0.599266 -0.649525
-1.97606 -3.64435 0.548241 -0.244366 -0.199412 0.60337 -0.653974
-1.96229 -3.64193 0.55197 -0.246028 -0.200769 0.607475 -0.658423
-1.94853 -3.63951 0.5557 -0.247691 -0.202125 0.611579 -0.662871
-1.93476 -3.63709 0.559429 -0.249353 -0.203482 0.615684 -0.66732
-1.92099 -3.63467 0.563159 -0.251015 -0.204838 0.619788 -0.671769
-1.90722 -3.63225 0.566888 -0.252678 -0.206195 0.623893 -0.676218
-1.89345 -3.62983 0.570618 -0.25434 -0.207551 0.627997 -0.680667
-1.87968 -3.62742 0.574347 -0.256002 -0.208908 0.632102 -0.685115
-1.86592 -3.625 0.578077 -0.257665 -0.210264 0.636207 -0.689564
-1.85215 -3.62258 0.581807 -0.259327 -0.211621 0.640311 -0.694013
-1.83838 -3.62016 0.585536 -0.260989 -0.212977 0.644416 -0.698462
-1.82461 -3.61774 0.589266 -0.262652 -0.214334 0.64852 -0.702911
-1.81084 -3.61532 0.592995 -0.264314 -0.215691 0.652625 -0.707359
-1.79707 -3.6129 0.596725 -0.265976 -0.217047 0.656729 -0.711808
-1.78331 -3.61048 0.600454 -0.267639 -0.218404 0.660834 -0.716257
-1.76954 -3.60806 0.604184 -0.269301 -0.21976 0.664939 -0.720706
-1.75577 -3.60564 0.607913 -0.270964 -0.221117 0.669043 -0.725155
-1.742 -3.60322 0.611643 -0.272626 -0.222473 0.673148 -0.729603
-1.72823 -3.6008 0.615372 -0.274288 -0.22383 0.677252 -0.734052
-1.71446 -3.59838 0.619102 -0.275951 -0.225186 0.681357 -0.738501
-1.7007 -3.59596 0.622831 -0.277613 -0.226543 0.685461 -0.74295
-1.68693 -3.59354 0.626561 -0.279275 -0.227899 0.689566 -0.747399
-1.67316 -3.59112 0.63029 -0.280938 -0.229256 0.69367 -0.751847
-1.65939 -3.5887 0.63402 -0.2826 -0.230612 0.697775 -0.756296
-1.64562 -3.58629 0.637749 -0.284262 -0.231969 0.70188 -0.760745
-1.63185 -3.58387 0.641479 -0.285925 -0.233326 0.705984 -0.765194
-1.61809 -3.58145 0.645209 -0.287587 -0.234682 0.710089 -0.769643
-1.60432 -3.57903 0.648938 -0.289249 -0.236039 0.714193 -0.774091
-1.59055 -3.57661 0.652668 -0.290912 -0.237395 0.718298 -0.77854
-1.57678 -3.57419 0.656397 -0.292574 -0.238752 0.722402 -0.782989
-1.56301 -3.57177 0.660127 -0.294236 -0.240108 0.726507 -0.787438
-1.54924 -3.56935 0.663856 -0.295899 -0.241465 0.730611 -0.791887
-1.53548 -3.56693 0.667586 -0.297561 -0.242821 0.734716 -0.796335
-1.52171 -3.56451 0.671315 -0.299224 -0.244178 0.738821 -0.800784
-1.50794 -3.56209 0.675045 -0.300886 -0.245534 0.742925 -0.805233
-1.49417 -3.55967 0.678774 -0.302548 -0.246891 0.74703 -0.809682
-1.4804 -3.55725 0.682504 -0.304211 -0.248248 0.751134 -0.814131
-1.46664 -3.55483 0.686233 -0.305873 -0.249604 0.755239 -0.818579
-1.45287 -3.55241 0.689963 -0.307535 -0.250961 0.759343 -0.823028
-1.4391 -3.54999 0.693692 -0.309198 -0.252317 0.763448 -0.827477
-1.42533 -3.54758 0.697422 -0.31086 -0.253674 0.767552 -0.831926
-1.41156 -3.54516 0.701151 -0.312522 -0.25503 0.771657 -0.836375
-1.39779 -3.54274 0.704881 -0.314185 -0.256387 0.775762 -0.840823
-1.38403 -3.54032 0.708611 -0.315847 -0.257743 0.779866 -0.845272
-1.37026 -3.5379 0.71234 -0.317509 -0.2591 0.783971 -0.849721
-1.35649 -3.53548 0.71607 -0.319172 -0.260456 0.788075 -0.85417
-1.34272 -3.53306 0.719799 -0.320834 -0.261813 0.79218 -0.858619
-1.32895 -3.53064 0.723529 -0.322496 -0.26317 0.796284 -0.863067
-1.31104 -3.53214 0.723757 -0.322061 -0.264007 0.786684 -0.863283
-1.29313 -3.53364 0.723986 -0.321625 -0.264845 0.777084 -0.863499
-1.27522 -3.53513 0.724214 -0.32119 -0.265682 0.767484 -0.863715
-1.25731 -3.53663 0.724442 -0.320754 -0.26652 0.757883 -0.86393
-1.23939 -3.53813 0.724671 -0.320318 -0.267358 0.748283 -0.864146
-1.22148 -3.53963 0.724899 -0.319883 -0.268195 0.738683 -0.864362
-1.20357 -3.54113 0.725128 -0.319447 -0.269033 0.729082 -0.864578
-1.18566 -3.54262 0.725356 -0.319011 -0.26987 0.719482 -0.864793
-1.16775 -3.54412 0.725585 -0.318576 -0.270708 0.709882 -0.865009
-1.14983 -3.54562 0.725813 -0.31814 -0.271546 0.700282 -0.865225
-1.13192 -3.54712 0.726041 -0.317704 -0.272383 0.690681 -0.865441
-1.11401 -3.54862 0.72627 -0.317269 -0.273221 0.681081 -0.865656
-1.0961 -3.55011 0.726498 -0.316833 -0.274058 0.671481 -0.865872
-1.07819 -3.55161 0.726727 -0.316397 -0.274896 0.66188 -0.866088
-1.06028 -3.55311 0.726955 -0.315962 -0.275734 0.65228 -0.866304
-1.04236 -3.55461 0.727184 -0.315526 -0.276571 0.64268 -0.866519
-1.02445 -3.5561 0.727412 -0.31509 -0.277409 0.63308 -0.866735
-1.00654 -3.5576 0.72764 -0.314655 -0.278246 0.623479 -0.866951
-0.988628 -3.5591 0.727869 -0.314219 -0.279084 0.613879 -0.867167
-0.970717 -3.5606 0.728097 -0.313783 -0.279922 0.604279 -0.867383
-0.952805 -3.5621 0.728326 -0.313348 -0.280759 0.594678 -0.867598
-0.934893 -3.56359 0.728554 -0.312912 -0.281597 0.585078 -0.867814
-0.916981 -3.56509 0.728783 -0.312476 -0.282435 0.575478 -0.86803
-0.899069 -3.56659 0.729011 -0.312041 -0.283272 0.565878 -0.868246
-0.881158 -3.56809 0.729239 -0.311605 -0.28411 0.556277 -0.868461
-0.863246 -3.56959 0.729468 -0.311169 -0.284947 0.546677 -0.868677
-0.845334 -3.57108 0.729696 -0.310734 -0.285785 0.537077 -0.868893
-0.827422 -3.57258 0.729925 -0.310298 -0.286623 0.527476 -0.869109
-0.809511 -3.57408 0.730153 -0.309862 -0.28746 0.517876 -0.869324
-0.791599 -3.57558 0.730382 -0.309427 -0.288298 0.508276 -0.86954
-0.773687 -3.57708 0.73061 -0.308991 -0.289135 0.498676 -0.869756
-0.755775 -3.57857 0.730838 -0.308555 -0.289973 0.489075 -0.869972
-0.737863 -3.58007 0.731067 -0.30812 -0.290811 0.479475 -0.870187
-0.719952 -3.58157 0.731295 -0.307684 -0.291648 0.469875 -0.870403
-0.70204 -3.58307 0.731524 -0.307248 -0.292486 0.460274 -0.870619
-0.684128 -3.58457 0.731752 -0.306813 -0.293323 0.450674 -0.870835
-0.666216 -3.58606 0.731981 -0.306377 -0.294161 0.441074 -0.87105
-0.648305 -3.58756 0.732209 -0.305941 -0.294999 0.431474 -0.871266
-0.630393 -3.58906 0.732437 -0.305506 -0.295836 0.421873 -0.871482
-0.612481 -3.59056 0.732666 -0.30507 -0.296674 0.412273 -0.871698
-0.594569 -3.59206 0.732894 -0.304634 -0.297511 0.402673 -0.871913
-0.576657 -3.59355 0.733123 -0.304199 -0.298349 0.393072 -0.872129
-0.558746 -3.59505 0.733351 -0.303763 -0.299187 0.383472 -0.872345
-0.540834 -3.59655 0.73358 -0.303327 -0.300024 0.373872 -0.872561
-0.522922 -3.59805 0.733808 -0.302892 -0.300862 0.364272 -0.872776
-0.50501 -3.59955 0.734036 -0.302456 -0.301699 0.354671 -0.872992
-0.487099 -3.60104 0.734265 -0.302021 -0.302537 0.345071 -0.873208
-0.469187 -3.60254 0.734493 -0.301585 -0.303375 0.335471 -0.873424
-0.451275 -3.60404 0.734722 -0.301149 -0.304212 0.32587 -0.873639
-0.433363 -3.60554 0.73495 -0.300714 -0.30505 0.31627 -0.873855
-0.415451 -3.60704 0.735179 -0.300278 -0.305888 0.30667 -0.874071
-0.39754 -3.60853 0.735407 -0.299842 -0.306725 0.29707 -0.874287
-0.379628 -3.61003 0.735635 -0.299407 -0.307563 0.287469 -0.874502
-0.361716 -3.61153 0.735864 -0.298971 -0.3084 0.277869 -0.874718
-0.343804 -3.61303 0.736092 -0.298535 -0.309238 0.268269 -0.874934
-0.325893 -3.61452 0.736321 -0.2981 -0.310076 0.258668 -0.87515
-0.307981 -3.61602 0.736549 -0.297664 -0.310913 0.249068 -0.875365
-0.290069 -3.61752 0.736778 -0.297228 -0.311751 0.239468 -0.875581
-0.272157 -3.61902 0.737006 -0.296793 -0.312588 0.229868 -0.875797
-0.254245 -3.62052 0.737234 -0.296357 -0.313426 0.220267 -0.876013
-0.236334 -3.62201 0.737463 -0.295921 -0.314264 0.210667 -0.876229
-0.218422 -3.62351 0.737691 -0.295486 -0.315101 0.201067 -0.876444
-0.20051 -3.62501 0.73792 -0.29505 -0.315939 0.191466 -0.87666
-0.182598 -3.62651 0.738148 -0.294614 -0.316776 0.181866 -0.876876
-0.164687 -3.62801 0.738377 -0.294179 -0.317614 0.172266 -0.877092
-0.146775 -3.6295 0.738605 -0.293743 -0.318452 0.162666 -0.877307
-0.128863 -3.631 0.738833 -0.293307 -0.319289 0.153065 -0.877523
-0.110951 -3.6325 0.739062 -0.292872 -0.320127 0.143465 -0.877739
-0.0930394 -3.634 0.73929 -0.292436 -0.320964 0.133865 -0.877955
-0.0751276 -3.6355 0.739519 -0.292 -0.321802 0.124264 -0.87817
-0.0572159 -3.63699 0.739747 -0.291565 -0.32264 0.114664 -0.878386
-0.0393041 -3.63849 0.739976 -0.291129 -0.323477 0.105064 -0.878602
-0.0213923 -3.63999 0.740204 -0.290693 -0.324315 0.0954636 -0.878818
-0.00348053 -3.64149 0.740432 -0.290258 -0.325152 0.0858633 -0.879033
0.0144312 -3.64299 0.740661 -0.289822 -0.32599 0.076263 -0.879249
0.032343 -3.64448 0.740889 -0.289386 -0.326828 0.0666627 -0.879465
0.0502548 -3.64598 0.741118 -0.288951 -0.327665 0.0570624 -0.879681
0.0681666 -3.64748 0.741346 -0.288515 -0.328503 0.0474621 -0.879896
0.0860784 -3.64898 0.741575 -0.288079 -0.329341 0.0378619 -0.880112
0.10399 -3.65048 0.741803 -0.287644 -0.330178 0.0282616 -0.880328
0.121902 -3.65197 0.742031 -0.287208 -0.331016 0.0186613 -0.880544
0.139814 -3.65347 0.74226 -0.286772 -0.331853 0.009061 -0.880759
0.157725 -3.65497 0.742488 -0.286337 -0.332691 -0.000539288 -0.880975
0.175637 -3.65647 0.742717 -0.285901 -0.333529 -0.0101396 -0.881191
0.193549 -3.65797 0.742945 -0.285465 -0.334366 -0.0197399 -0.881407
0.211461 -3.65946 0.743174 -0.28503 -0.335204 -0.0293401 -0.881622
0.229373 -3.66096 0.743402 -0.284594 -0.336041 -0.0389404 -0.881838
0.247284 -3.66246 0.74363 -0.284158 -0.336879 -0.0485407 -0.882054
0.265196 -3.66396 0.743859 -0.283723 -0.337717 -0.058141 -0.88227
0.283108 -3.66546 0.744087 -0.283287 -0.338554 -0.0677413 -0.882485
0.30102 -3.66695 0.744316 -0.282851 -0.339392 -0.0773416 -0.882701
0.318931 -3.66845 0.744544 -0.282416 -0.340229 -0.0869419 -0.882917
0.336843 -3.66995 0.744773 -0.28198 -0.341067 -0.0965421 -0.883133
0.354755 -3.67145 0.745001 -0.281545 -0.341905 -0.106142 -0.883348
0.372667 -3.67294 0.745229 -0.281109 -0.342742 -0.115743 -0.883564
0.390579 -3.67444 0.745458 -0.280673 -0.34358 -0.125343 -0.88378
0.40849 -3.67594 0.745686 -0.280238 -0.344417 -0.134943 -0.883996
0.426402 -3.67744 0.745915 -0.279802 -0.345255 -0.144544 -0.884211
0.444314 -3.67894 0.746143 -0.279366 -0.346093 -0.154144 -0.884427
0.462226 -3.68043 0.746372 -0.278931 -0.34693 -0.163744 -0.884643
0.480137 -3.68193 0.7466 -0.278495 -0.347768 -0.173344 -0.884859
0.498049 -3.68343 0.746828 -0.278059 -0.348606 -0.182945 -0.885075
0.515961 -3.68493 0.747057 -0.277624 -0.349443 -0.192545 -0.88529
0.533873 -3.68643 0.747285 -0.277188 -0.350281 -0.202145 -0.885506
0.551785 -3.68792 0.747514 -0.276752 -0.351118 -0.211746 -0.885722
0.569696 -3.68942 0.747742 -0.276317 -0.351956 -0.221346 -0.885938
0.587608 -3.69092 0.747971 -0.275881 -0.352794 -0.230946 -0.886153
0.60552 -3.69242 0.748199 -0.275445 -0.353631 -0.240546 -0.886369
0.623432 -3.69392 0.748427 -0.27501 -0.354469 -0.250147 -0.886585
0.641343 -3.69541 0.748656 -0.274574 -0.355306 -0.259747 -0.886801
0.659255 -3.69691 0.748884 -0.274138 -0.356144 -0.269347 -0.887016
0.677167 -3.69841 0.749113 -0.273703 -0.356982 -0.278948 -0.887232
0.695079 -3.69991 0.749341 -0.273267 -0.357819 -0.288548 -0.887448
0.712991 -3.70141 0.74957 -0.272831 -0.358657 -0.298148 -0.887664
0.730902 -3.7029 0.749798 -0.272396 -0.359494 -0.307748 -0.887879
0.748814 -3.7044 0.750026 -0.27196 -0.360332 -0.317349 -0.888095
0.766726 -3.7059 0.750255 -0.271524 -0.36117 -0.326949 -0.888311
0.784638 -3.7074 0.750483 -0.271089 -0.362007 -0.336549 -0.888527
0.80255 -3.7089 0.750712 -0.270653 -0.362845 -0.34615 -0.888742
0.820461 -3.71039 0.75094 -0.270217 -0.363682 -0.35575 -0.888958
0.838373 -3.71189 0.751169 -0.269782 -0.36452 -0.36535 -0.889174
0.856285 -3.71339 0.751397 -0.269346 -0.365358 -0.37495 -0.88939
0.874197 -3.71489 0.751625 -0.26891 -0.366195 -0.384551 -0.889605
0.892108 -3.71639 0.751854 -0.268475 -0.367033 -0.394151 -0.889821
0.91002 -3.71788 0.752082 -0.268039 -0.36787 -0.403751 -0.890037
0.927932 -3.71938 0.752311 -0.267603 -0.368708 -0.413352 -0.890253
0.945844 -3.72088 0.752539 -0.267168 -0.369546 -0.422952 -0.890468
0.963756 -3.72238 0.752768 -0.266732 -0.370383 -0.432552 -0.890684
0.981667 -3.72388 0.752996 -0.266296 -0.371221 -0.442152 -0.8909
0.999579 -3.72537 0.753224 -0.265861 -0.372059 -0.451753 -0.891116
1.01749 -3.72687 0.753453 -0.265425 -0.372896 -0.461353 -0.891331
1.0354 -3.72837 0.753681 -0.264989 -0.373734 -0.470953 -0.891547
1.05331 -3.72987 0.75391 -0.264554 -0.374571 -0.480554 -0.891763
1.07123 -3.73136 0.754138 -0.264118 -0.375409 -0.490154 -0.891979
1.08914 -3.73286 0.754367 -0.263682 -0.376247 -0.499754 -0.892194
1.10705 -3.73436 0.754595 -0.263247 -0.377084 -0.509354 -0.89241
1.12496 -3.73586 0.754823 -0.262811 -0.377922 -0.518955 -0.892626
1.14287 -3.73736 0.755052 -0.262376 -0.378759 -0.528555 -0.892842
1.16079 -3.73885 0.75528 -0.26194 -0.379597 -0.538155 -0.893057
1.1787 -3.74035 0.755509 -0.261504 -0.380435 -0.547756 -0.893273
1.19661 -3.74185 0.755737 -0.261069 -0.381272 -0.557356 -0.893489
1.21452 -3.74335 0.755966 -0.260633 -0.38211 -0.566956 -0.893705
1.23243 -3.74485 0.756194 -0.260197 -0.382947 -0.576556 -0.893921
1.25034 -3.74634 0.756422 -0.259762 -0.383785 -0.586157 -0.894136
1.26826 -3.74784 0.756651 -0.259326 -0.384623 -0.595757 -0.894352
1.28617 -3.74934 0.756879 -0.25889 -0.38546 -0.605357 -0.894568
1.30408 -3.75084 0.757108 -0.258455 -0.386298 -0.614958 -0.894784
1.32199 -3.75234 0.757336 -0.258019 -0.387135 -0.624558 -0.894999
1.3399 -3.75383 0.757565 -0.257583 -0.387973 -0.634158 -0.895215
1.35781 -3.75533 0.757793 -0.257148 -0.388811 -0.643758 -0.895431
1.37573 -3.75683 0.758021 -0.256712 -0.389648 -0.653359 -0.895647
1.39364 -3.75833 0.75825 -0.256276 -0.390486 -0.662959 -0.895862
1.41155 -3.75983 0.758478 -0.255841 -0.391323 -0.672559 -0.896078
1.42946 -3.76132 0.758707 -0.255405 -0.392161 -0.68216 -0.896294
1.44737 -3.76282 0.758935 -0.254969 -0.392999 -0.69176 -0.89651
1.46529 -3.76432 0.759164 -0.254534 -0.393836 -0.70136 -0.896725
1.4832 -3.76582 0.759392 -0.254098 -0.394674 -0.71096 -0.896941
1.50111 -3.76732 0.75962 -0.253662 -0.395512 -0.720561 -0.897157
1.51902 -3.76881 0.759849 -0.253227 -0.396349 -0.730161 -0.897373
1.53693 -3.77031 0.760077 -0.252791 -0.397187 -0.739761 -0.897588
1.55484 -3.77181 0.760306 -0.252355 -0.398024 -0.749362 -0.897804
1.57276 -3.77331 0.760534 -0.25192 -0.398862 -0.758962 -0.89802
1.59067 -3.77481 0.760763 -0.251484 -0.3997 -0.768562 -0.898236
1.60858 -3.7763 0.760991 -0.251048 -0.400537 -0.778162 -0.898451
1.62649 -3.7778 0.761219 -0.250613 -0.401375 -0.787763 -0.898667
1.6444 -3.7793 0.761448 -0.250177 -0.402212 -0.797363 -0.898883
1.66231 -3.7808 0.761676 -0.249741 -0.40305 -0.806963 -0.899099
1.68023 -3.78229 0.761905 -0.249306 -0.403888 -0.816564 -0.899314
1.69814 -3.78379 0.762133 -0.24887 -0.404725 -0.826164 -0.89953
1.71605 -3.78529 0.762362 -0.248434 -0.405563 -0.835764 -0.899746
1.73396 -3.78679 0.76259 -0.247999 -0.4064 -0.845364 -0.899962
1.75187 -3.78829 0.762818 -0.247563 -0.407238 -0.854965 -0.900177
1.76979 -3.78978 0.763047 -0.247127 -0.408076 -0.864565 -0.900393
1.7877 -3.79128 0.763275 -0.246692 -0.408913 -0.874165 -0.900609
1.80561 -3.79278 0.763504 -0.246256 -0.409751 -0.883766 -0.900825
1.82352 -3.79428 0.763732 -0.24582 -0.410588 -0.893366 -0.90104
1.84143 -3.79578 0.763961 -0.245385 -0.411426 -0.902966 -0.901256
1.85934 -3.79727 0.764189 -0.244949 -0.412264 -0.912566 -0.901472
1.87726 -3.79877 0.764417 -0.244513 -0.413101 -0.922167 -0.901688
1.89517 -3.80027 0.764646 -0.244078 -0.413939 -0.931767 -0.901904
1.91308 -3.80177 0.764874 -0.243642 -0.414776 -0.941367 -0.902119
1.93099 -3.80327 0.765103 -0.243206 -0.415614 -0.950968 -0.902335
1.9489 -3.80476 0.765331 -0.242771 -0.416452 -0.960568 -0.902551
1.96682 -3.80626 0.76556 -0.242335 -0.417289 -0.970168 -0.902767
1.98473 -3.80776 0.765788 -0.2419 -0.418127 -0.979768 -0.902982
2.00264 -3.80926 0.766016 -0.241464 -0.418965 -0.989369 -0.903198
2.02055 -3.81076 0.766245 -0.241028 -0.419802 -0.998969 -0.903414
2.03846 -3.81225 0.766473 -0.240593 -0.42064 -1.00857 -0.90363
2.05637 -3.81375 0.766702 -0.240157 -0.421477 -1.01817 -0.903845
2.07429 -3.81525 0.76693 -0.239721 -0.422315 -1.02777 -0.904061
2.0922 -3.81675 0.767159 -0.239286 -0.423153 -1.03737 -0.904277
2.09592 -3.80157 0.761398 -0.238544 -0.421483 -1.03593 -0.900257
2.09965 -3.78639 0.755638 -0.237803 -0.419814 -1.03448 -0.896236
2.10338 -3.77122 0.749877 -0.237062 -0.418145 -1.03304 -0.892216
2.1071 -3.75604 0.744117 -0.236321 -0.416476 -1.0316 -0.888196
2.11083 -3.74086 0.738356 -0.235579 -0.414807 -1.03015 -0.884175
2.11456 -3.72569 0.732596 -0.234838 -0.413138 -1.02871 -0.880155
2.11828 -3.71051 0.726835 -0.234097 -0.411469 -1.02727 -0.876135
2.12201 -3.69534 0.721075 -0.233356 -0.4098 -1.02582 -0.872114
2.12574 -3.68016 0.715314 -0.232614 -0.408131 -1.02438 -0.868094
2.12946 -3.66498 0.709554 -0.231873 -0.406462 -1.02294 -0.864074
2.13319 -3.64981 0.703793 -0.231132 -0.404793 -1.02149 -0.860054
2.13692 -3.63463 0.698033 -0.230391 -0.403124 -1.02005 -0.856033
2.14064 -3.61945 0.692272 -0.229649 -0.401455 -1.01861 -0.852013
2.14437 -3.60428 0.686512 -0.228908 -0.399786 -1.01716 -0.847993
2.14809 -3.5891 0.680751 -0.228167 -0.398117 -1.01572 -0.843972
2.15182 -3.57392 0.674991 -0.227426 -0.396447 -1.01428 -0.839952
2.15555 -3.55875 0.66923 -0.226684 -0.394778 -1.01283 -0.835932
2.15927 -3.54357 0.66347 -0.225943 -0.393109 -1.01139 -0.831911
2.163 -3.52839 0.657709 -0.225202 -0.39144 -1.00995 -0.827891
2.16673 -3.51322 0.651949 -0.224461 -0.389771 -1.0085 -0.823871
2.17045 -3.49804 0.646189 -0.223719 -0.388102 -1.00706 -0.819851
2.17418 -3.48286 0.640428 -0.222978 -0.386433 -1.00562 -0.81583
2.17791 -3.46769 0.634668 -0.222237 -0.384764 -1.00417 -0.81181
2.18163 -3.45251 0.628907 -0.221496 -0.383095 -1.00273 -0.80779
2.18536 -3.43733 0.623147 -0.220754 -0.381426 -1.00128 -0.803769
2.18909 -3.42216 0.617386 -0.220013 -0.379757 -0.999841 -0.799749
2.19281 -3.40698 0.611626 -0.219272 -0.378088 -0.998398 -0.795729
2.19654 -3.3918 0.605865 -0.218531 -0.376419 -0.996955 -0.791708
2.20027 -3.37663 0.600105 -0.217789 -0.37475 -0.995511 -0.787688
2.20399 -3.36145 0.594344 -0.217048 -0.373081 -0.994068 -0.783668
2.20772 -3.34627 0.588584 -0.216307 -0.371411 -0.992624 -0.779648
2.21145 -3.3311 0.582823 -0.215565 -0.369742 -0.991181 -0.775627
2.21517 -3.31592 0.577063 -0.214824 -0.368073 -0.989738 -0.771607
2.2189 -3.30074 0.571302 -0.214083 -0.366404 -0.988294 -0.767587
2.22262 -3.28557 0.565542 -0.213342 -0.364735 -0.986851 -0.763566
2.22635 -3.27039 0.559781 -0.2126 -0.363066 -0.985407 -0.759546
2.23008 -3.25521 0.554021 -0.211859 -0.361397 -0.983964 -0.755526
2.2338 -3.24004 0.54826 -0.211118 -0.359728 -0.98252 -0.751505
2.23753 -3.22486 0.5425 -0.210377 -0.358059 -0.981077 -0.747485
2.24126 -3.20968 0.536739 -0.209635 -0.35639 -0.979634 -0.743465
2.24498 -3.19451 0.530979 -0.208894 -0.354721 -0.97819 -0.739445
2.24871 -3.17933 0.525218 -0.208153 -0.353052 -0.976747 -0.735424
2.25244 -3.16415 0.519458 -0.207412 -0.351383 -0.975303 -0.731404
2.25616 -3.14898 0.513697 -0.20667 -0.349714 -0.97386 -0.727384
2.25989 -3.1338 0.507937 -0.205929 -0.348044 -0.972417 -0.723363
2.26362 -3.11862 0.502177 -0.205188 -0.346375 -0.970973 -0.719343
2.26734 -3.10345 0.496416 -0.204447 -0.344706 -0.96953 -0.715323
2.27107 -3.08827 0.490656 -0.203705 -0.343037 -0.968086 -0.711302
2.2748 -3.0731 0.484895 -0.202964 -0.341368 -0.966643 -0.707282
2.27852 -3.05792 0.479135 -0.202223 -0.339699 -0.965199 -0.703262
2.28225 -3.04274 0.473374 -0.201482 -0.33803 -0.963756 -0.699242
2.28597 -3.02757 0.467614 -0.20074 -0.336361 -0.962313 -0.695221
2.2897 -3.01239 0.461853 -0.199999 -0.334692 -0.960869 -0.691201
2.29343 -2.99721 0.456093 -0.199258 -0.333023 -0.959426 -0.687181
2.29715 -2.98204 0.450332 -0.198517 -0.331354 -0.957982 -0.68316
2.30088 -2.96686 0.444572 -0.197775 -0.329685 -0.956539 -0.67914
2.30461 -2.95168 0.438811 -0.197034 -0.328016 -0.955096 -0.67512
2.30833 -2.93651 0.433051 -0.196293 -0.326347 -0.953652 -0.671099
2.31206 -2.92133 0.42729 -0.195552 -0.324678 -0.952209 -0.667079
2.31579 -2.90615 0.42153 -0.19481 -0.323008 -0.950765 -0.663059
2.31951 -2.89098 0.415769 -0.194069 -0.321339 -0.949322 -0.659039
2.32324 -2.8758 0.410009 -0.193328 -0.31967 -0.947879 -0.655018
2.32697 -2.86062 0.404248 -0.192587 -0.318001 -0.946435 -0.650998
2.33069 -2.84545 0.398488 -0.191845 -0.316332 -0.944992 -0.646978
2.33442 -2.83027 0.392727 -0.191104 -0.314663 -0.943548 -0.642957
2.33815 -2.81509 0.386967 -0.190363 -0.312994 -0.942105 -0.638937
2.34187 -2.79992 0.381206 -0.189622 -0.311325 -0.940661 -0.634917
2.3456 -2.78474 0.375446 -0.18888 -0.309656 -0.939218 -0.630896
2.34933 -2.76956 0.369686 -0.188139 -0.307987 -0.937775 -0.626876
2.35305 -2.75439 0.363925 -0.187398 -0.306318 -0.936331 -0.622856
2.35678 -2.73921 0.358165 -0.186657 -0.304649 -0.934888 -0.618836
2.3605 -2.72403 0.352404 -0.185915 -0.30298 -0.933444 -0.614815
2.36423 -2.70886 0.346644 -0.185174 -0.301311 -0.932001 -0.610795
2.36796 -2.69368 0.340883 -0.184433 -0.299641 -0.930558 -0.606775
2.37168 -2.6785 0.335123 -0.183692 -0.297972 -0.929114 -0.602754
2.37541 -2.66333 0.329362 -0.18295 -0.296303 -0.927671 -0.598734
2.37914 -2.64815 0.323602 -0.182209 -0.294634 -0.926227 -0.594714
2.38286 -2.63297 0.317841 -0.181468 -0.292965 -0.924784 -0.590693
2.38659 -2.6178 0.312081 -0.180727 -0.291296 -0.923341 -0.586673
2.39032 -2.60262 0.30632 -0.179985 -0.289627 -0.921897 -0.582653
2.39404 -2.58744 0.30056 -0.179244 -0.287958 -0.920454 -0.578633
2.39777 -2.57227 0.294799 -0.178503 -0.286289 -0.91901 -0.574612
2.4015 -2.55709 0.289039 -0.177762 -0.28462 -0.917567 -0.570592
2.40522 -2.54191 0.283278 -0.17702 -0.282951 -0.916123 -0.566572
2.40895 -2.52674 0.277518 -0.176279 -0.281282 -0.91468 -0.562551
2.41268 -2.51156 0.271757 -0.175538 -0.279613 -0.913237 -0.558531
2.4164 -2.49638 0.265997 -0.174797 -0.277944 -0.911793 -0.554511
2.42013 -2.48121 0.260236 -0.174055 -0.276275 -0.91035 -0.550491
2.42386 -2.46603 0.254476 -0.173314 -0.274605 -0.908906 -0.54647
2.42758 -2.45086 0.248715 -0.172573 -0.272936 -0.907463 -0.54245
2.43131 -2.43568 0.242955 -0.171832 -0.271267 -0.90602 -0.53843
2.43503 -2.4205 0.237195 -0.17109 -0.269598 -0.904576 -0.534409
2.43876 -2.40533 0.231434 -0.170349 -0.267929 -0.903133 -0.530389
2.44249 -2.39015 0.225674 -0.169608 -0.26626 -0.901689 -0.526369
2.44621 -2.37497 0.219913 -0.168867 -0.264591 -0.900246 -0.522348
2.44994 -2.3598 0.214153 -0.168125 -0.262922 -0.898803 -0.518328
2.45367 -2.34462 0.208392 -0.167384 -0.261253 -0.897359 -0.514308
2.45739 -2.32944 0.202632 -0.166643 -0.259584 -0.895916 -0.510288
2.46112 -2.31427 0.196871 -0.165902 -0.257915 -0.894472 -0.506267
2.46485 -2.29909 0.191111 -0.16516 -0.256246 -0.893029 -0.502247
2.46857 -2.28391 0.18535 -0.164419 -0.254577 -0.891585 -0.498227
2.4723 -2.26874 0.17959 -0.163678 -0.252908 -0.890142 -0.494206
2.47603 -2.25356 0.173829 -0.162937 -0.251239 -0.888699 -0.490186
2.47975 -2.23838 0.168069 -0.162195 -0.249569 -0.887255 -0.486166
2.48348 -2.22321 0.162308 -0.161454 -0.2479 -0.885812 -0.482145
2.48721 -2.20803 0.156548 -0.160713 -0.246231 -0.884368 -0.478125
2.49093 -2.19285 0.150787 -0.159972 -0.244562 -0.882925 -0.474105
2.49466 -2.17768 0.145027 -0.15923 -0.242893 -0.881482 -0.470085
2.49838 -2.1625 0.139266 -0.158489 -0.241224 -0.880038 -0.466064
2.50211 -2.14732 0.133506 -0.157748 -0.239555 -0.878595 -0.462044
2.50584 -2.13215 0.127745 -0.157007 -0.237886 -0.877151 -0.458024
2.50956 -2.11697 0.121985 -0.156265 -0.236217 -0.875708 -0.454003
2.51329 -2.10179 0.116224 -0.155524 -0.234548 -0.874265 -0.449983
2.51702 -2.08662 0.110464 -0.154783 -0.232879 -0.872821 -0.445963
2.52074 -2.07144 0.104703 -0.154042 -0.23121 -0.871378 -0.441942
2.52447 -2.05626 0.098943 -0.1533 -0.229541 -0.869934 -0.437922
2.5282 -2.04109 0.0931825 -0.152559 -0.227872 -0.868491 -0.433902
2.53192 -2.02591 0.0874221 -0.151818 -0.226202 -0.867047 -0.429882
2.53565 -2.01073 0.0816616 -0.151077 -0.224533 -0.865604 -0.425861
2.53938 -1.99556 0.0759011 -0.150335 -0.222864 -0.864161 -0.421841
2.5431 -1.98038 0.0701406 -0.149594 -0.221195 -0.862717 -0.417821
2.54683 -1.9652 0.0643801 -0.148853 -0.219526 -0.861274 -0.4138
2.55056 -1.95003 0.0586197 -0.148112 -0.217857 -0.85983 -0.40978
2.55428 -1.93485 0.0528592 -0.14737 -0.216188 -0.858387 -0.40576
2.55801 -1.91967 0.0470987 -0.146629 -0.214519 -0.856944 -0.401739
2.56174 -1.9045 0.0413382 -0.145888 -0.21285 -0.8555 -0.397719
2.56546 -1.88932 0.0355777 -0.145147 -0.211181 -0.854057 -0.393699
2.56919 -1.87414 0.0298173 -0.144405 -0.209512 -0.852613 -0.389679
2.57291 -1.85897 0.0240568 -0.143664 -0.207843 -0.85117 -0.385658
2.57664 -1.84379 0.0182963 -0.142923 -0.206174 -0.849726 -0.381638
2.58037 -1.82862 0.0125358 -0.142182 -0.204505 -0.848283 -0.377618
2.58409 -1.81344 0.00677535 -0.14144 -0.202836 -0.84684 -0.373597
2.58782 -1.79826 0.00101487 -0.140699 -0.201166 -0.845396 -0.369577
2.59155 -1.78309 -0.00474561 -0.139958 -0.199497 -0.843953 -0.365557
2.59527 -1.76791 -0.0105061 -0.139217 -0.197828 -0.842509 -0.361536
2.599 -1.75273 -0.0162666 -0.138475 -0.196159 -0.841066 -0.357516
2.60273 -1.73756 -0.022027 -0.137734 -0.19449 -0.839623 -0.353496
2.60645 -1.72238 -0.0277875 -0.136993 -0.192821 -0.838179 -0.349476
2.61018 -1.7072 -0.033548 -0.136252 -0.191152 -0.836736 -0.345455
2.61391 -1.69203 -0.0393085 -0.13551 -0.189483 -0.835292 -0.341435
2.61763 -1.67685 -0.045069 -0.134769 -0.187814 -0.833849 -0.337415
2.62136 -1.66167 -0.0508294 -0.134028 -0.186145 -0.832406 -0.333394
2.62509 -1.6465 -0.0565899 -0.133287 -0.184476 -0.830962 -0.329374
2.62881 -1.63132 -0.0623504 -0.132545 -0.182807 -0.829519 -0.325354
2.63254 -1.61614 -0.0681109 -0.131804 -0.181138 -0.828075 -0.321333
2.63626 -1.60097 -0.0738714 -0.131063 -0.179469 -0.826632 -0.317313
2.63999 -1.58579 -0.0796318 -0.130322 -0.177799 -0.825188 -0.313293
2.64372 -1.57061 -0.0853923 -0.12958 -0.17613 -0.823745 -0.309273
2.64744 -1.55544 -0.0911528 -0.128839 -0.174461 -0.822302 -0.305252
2.65117 -1.54026 -0.0969133 -0.128098 -0.172792 -0.820858 -0.301232
2.6549 -1.52508 -0.102674 -0.127356 -0.171123 -0.819415 -0.297212
2.65862 -1.50991 -0.108434 -0.126615 -0.169454 -0.817971 -0.293191
2.66235 -1.49473 -0.114195 -0.125874 -0.167785 -0.816528 -0.289171
2.66608 -1.47955 -0.119955 -0.125133 -0.166116 -0.815085 -0.285151
2.6698 -1.46438 -0.125716 -0.124391 -0.164447 -0.813641 -0.28113
2.67353 -1.4492 -0.131476 -0.12365 -0.162778 -0.812198 -0.27711
2.67726 -1.43402 -0.137237 -0.122909 -0.161109 -0.810754 -0.27309
2.68098 -1.41885 -0.142997 -0.122168 -0.15944 -0.809311 -0.26907
2.68471 -1.40367 -0.148758 -0.121426 -0.157771 -0.807868 -0.265049
2.68844 -1.38849 -0.154518 -0.120685 -0.156102 -0.806424 -0.261029
2.69216 -1.37332 -0.160279 -0.119944 -0.154433 -0.804981 -0.257009
2.69589 -1.35814 -0.166039 -0.119203 -0.152763 -0.803537 -0.252988
2.69962 -1.34296 -0.1718 -0.118461 -0.151094 -0.802094 -0.248968
2.70334 -1.32779 -0.17756 -0.11772 -0.149425 -0.80065 -0.244948
2.70707 -1.31261 -0.18332 -0.116979 -0.147756 -0.799207 -0.240927
2.71079 -1.29743 -0.189081 -0.116238 -0.146087 -0.797764 -0.236907
2.71452 -1.28226 -0.194841 -0.115496 -0.144418 -0.79632 -0.232887
2.71825 -1.26708 -0.200602 -0.114755 -0.142749 -0.794877 -0.228867
2.72197 -1.2519 -0.206362 -0.114014 -0.14108 -0.793433 -0.224846
2.7257 -1.23673 -0.212123 -0.113273 -0.139411 -0.79199 -0.220826
2.72943 -1.22155 -0.217883 -0.112531 -0.137742 -0.790547 -0.216806
2.73315 -1.20637 -0.223644 -0.11179 -0.136073 -0.789103 -0.212785
2.73688 -1.1912 -0.229404 -0.111049 -0.134404 -0.78766 -0.208765
2.74061 -1.17602 -0.235165 -0.110308 -0.132735 -0.786216 -0.204745
2.74433 -1.16085 -0.240925 -0.109566 -0.131066 -0.784773 -0.200724
2.74806 -1.14567 -0.246686 -0.108825 -0.129396 -0.78333 -0.196704
2.75179 -1.13049 -0.252446 -0.108084 -0.127727 -0.781886 -0.192684
2.75551 -1.11532 -0.258207 -0.107343 -0.126058 -0.780443 -0.188664
2.75924 -1.10014 -0.263967 -0.106601 -0.124389 -0.778999 -0.184643
2.76297 -1.08496 -0.269728 -0.10586 -0.12272 -0.777556 -0.180623
2.76398 -1.06751 -0.268575 -0.105408 -0.128909 -0.774233 -0.179851
2.76499 -1.05005 -0.267422 -0.104955 -0.135097 -0.77091 -0.179079
2.766 -1.03259 -0.26627 -0.104503 -0.141285 -0.767587 -0.178307
2.76702 -1.01513 -0.265117 -0.104051 -0.147474 -0.764264 -0.177535
2.76803 -0.997677 -0.263964 -0.103598 -0.153662 -0.760941 -0.176764
2.76904 -0.98022 -0.262812 -0.103146 -0.15985 -0.757619 -0.175992
2.77006 -0.962763 -0.261659 -0.102693 -0.166039 -0.754296 -0.17522
2.77107 -0.945305 -0.260506 -0.102241 -0.172227 -0.750973 -0.174448
2.77208 -0.927848 -0.259354 -0.101789 -0.178415 -0.74765 -0.173676
2.7731 -0.910391 -0.258201 -0.101336 -0.184604 -0.744327 -0.172904
2.77411 -0.892934 -0.257048 -0.100884 -0.190792 -0.741004 -0.172132
2.77512 -0.875477 -0.255895 -0.100431 -0.19698 -0.737681 -0.17136
2.77613 -0.85802 -0.254743 -0.0999791 -0.203169 -0.734358 -0.170588
2.77715 -0.840563 -0.25359 -0.0995267 -0.209357 -0.731035 -0.169816
2.77816 -0.823106 -0.252437 -0.0990743 -0.215545 -0.727713 -0.169045
2.77917 -0.805649 -0.251285 -0.0986219 -0.221734 -0.72439 -0.168273
2.78019 -0.788192 -0.250132 -0.0981695 -0.227922 -0.721067 -0.167501
2.7812 -0.770734 -0.248979 -0.0977171 -0.23411 -0.717744 -0.166729
2.78221 -0.753277 -0.247827 -0.0972647 -0.240299 -0.714421 -0.165957
2.78322 -0.73582 -0.246674 -0.0968123 -0.246487 -0.711098 -0.165185
2.78424 -0.718363 -0.245521 -0.0963599 -0.252675 -0.707775 -0.164413
2.78525 -0.700906 -0.244369 -0.0959075 -0.258864 -0.704452 -0.163641
2.78626 -0.683449 -0.243216 -0.0954551 -0.265052 -0.701129 -0.162869
2.78728 -0.665992 -0.242063 -0.0950027 -0.27124 -0.697807 -0.162098
2.78829 -0.648535 -0.240911 -0.0945503 -0.277429 -0.694484 -0.161326
2.7893 -0.631078 -0.239758 -0.0940979 -0.283617 -0.691161 -0.160554
2.79032 -0.613621 -0.238605 -0.0936456 -0.289805 -0.687838 -0.159782
2.79133 -0.596163 -0.237453 -0.0931932 -0.295994 -0.684515 -0.15901
2.79234 -0.578706 -0.2363 -0.0927408 -0.302182 -0.681192 -0.158238
2.79335 -0.561249 -0.235147 -0.0922884 -0.30837 -0.677869 -0.157466
2.79437 -0.543792 -0.233994 -0.091836 -0.314559 -0.674546 -0.156694
2.79538 -0.526335 -0.232842 -0.0913836 -0.320747 -0.671223 -0.155922
2.79639 -0.508878 -0.231689 -0.0909312 -0.326935 -0.667901 -0.155151
2.79741 -0.491421 -0.230536 -0.0904788 -0.333124 -0.664578 -0.154379
2.79842 -0.473964 -0.229384 -0.0900264 -0.339312 -0.661255 -0.153607
2.79943 -0.456507 -0.228231 -0.089574 -0.3455 -0.657932 -0.152835
2.80045 -0.439049 -0.227078 -0.0891216 -0.351689 -0.654609 -0.152063
2.80146 -0.421592 -0.225926 -0.0886692 -0.357877 -0.651286 -0.151291
2.80247 -0.404135 -0.224773 -0.0882168 -0.364065 -0.647963 -0.150519
2.80348 -0.386678 -0.22362 -0.0877644 -0.370254 -0.64464 -0.149747
2.8045 -0.369221 -0.222468 -0.087312 -0.376442 -0.641317 -0.148975
2.80551 -0.351764 -0.221315 -0.0868596 -0.38263 -0.637995 -0.148203
2.80652 -0.334307 -0.220162 -0.0864072 -0.388819 -0.634672 -0.147432
2.80754 -0.31685 -0.21901 -0.0859549 -0.395007 -0.631349 -0.14666
2.80855 -0.299393 -0.217857 -0.0855025 -0.401195 -0.628026 -0.145888
2.80956 -0.281936 -0.216704 -0.0850501 -0.407384 -0.624703 -0.145116
2.81058 -0.264478 -0.215552 -0.0845977 -0.413572 -0.62138 -0.144344
2.81159 -0.247021 -0.214399 -0.0841453 -0.41976 -0.618057 -0.143572
2.8126 -0.229564 -0.213246 -0.0836929 -0.425949 -0.614734 -0.1428
2.81361 -0.212107 -0.212094 -0.0832405 -0.432137 -0.611411 -0.142028
2.81463 -0.19465 -0.210941 -0.0827881 -0.438325 -0.608089 -0.141256
2.81564 -0.177193 -0.209788 -0.0823357 -0.444514 -0.604766 -0.140485
2.81665 -0.159736 -0.208635 -0.0818833 -0.450702 -0.601443 -0.139713
2.81767 -0.142279 -0.207483 -0.0814309 -0.45689 -0.59812 -0.138941
2.81868 -0.124822 -0.20633 -0.0809785 -0.463079 -0.594797 -0.138169
2.81969 -0.107364 -0.205177 -0.0805261 -0.469267 -0.591474 -0.137397
2.8207 -0.0899074 -0.204025 -0.0800737 -0.475455 -0.588151 -0.136625
2.82172 -0.0724503 -0.202872 -0.0796213 -0.481644 -0.584828 -0.135853
2.82273 -0.0549932 -0.201719 -0.0791689 -0.487832 -0.581505 -0.135081
2.82374 -0.0375361 -0.200567 -0.0787166 -0.49402 -0.578183 -0.134309
2.82476 -0.020079 -0.199414 -0.0782642 -0.500208 -0.57486 -0.133538
2.82577 -0.00262187 -0.198261 -0.0778118 -0.506397 -0.571537 -0.132766
2.82678 0.0148352 -0.197109 -0.0773594 -0.512585 -0.568214 -0.131994
2.8278 0.0322923 -0.195956 -0.076907 -0.518773 -0.564891 -0.131222
2.82881 0.0497494 -0.194803 -0.0764546 -0.524962 -0.561568 -0.13045
2.82982 0.0672065 -0.193651 -0.0760022 -0.53115 -0.558245 -0.129678
2.83083 0.0846637 -0.192498 -0.0755498 -0.537338 -0.554922 -0.128906
2.83185 0.102121 -0.191345 -0.0750974 -0.543527 -0.551599 -0.128134
2.83286 0.119578 -0.190193 -0.074645 -0.549715 -0.548277 -0.127362
2.83387 0.137035 -0.18904 -0.0741926 -0.555903 -0.544954 -0.12659
2.83489 0.154492 -0.187887 -0.0737402 -0.562092 -0.541631 -0.125819
2.8359 0.171949 -0.186735 -0.0732878 -0.56828 -0.538308 -0.125047
2.83691 0.189406 -0.185582 -0.0728354 -0.574468 -0.534985 -0.124275
2.83793 0.206863 -0.184429 -0.072383 -0.580657 -0.531662 -0.123503
2.83894 0.22432 -0.183276 -0.0719306 -0.586845 -0.528339 -0.122731
2.83995 0.241778 -0.182124 -0.0714782 -0.593033 -0.525016 -0.121959
2.84096 0.259235 -0.180971 -0.0710259 -0.599222 -0.521693 -0.121187
2.84198 0.276692 -0.179818 -0.0705735 -0.60541 -0.518371 -0.120415
2.84299 0.294149 -0.178666 -0.0701211 -0.611598 -0.515048 -0.119643
2.844 0.311606 -0.177513 -0.0696687 -0.617787 -0.511725 -0.118872
2.84502 0.329063 -0.17636 -0.0692163 -0.623975 -0.508402 -0.1181
2.84603 0.34652 -0.175208 -0.0687639 -0.630163 -0.505079 -0.117328
2.84704 0.363977 -0.174055 -0.0683115 -0.636352 -0.501756 -0.116556
2.84805 0.381434 -0.172902 -0.0678591 -0.64254 -0.498433 -0.115784
2.84907 0.398892 -0.17175 -0.0674067 -0.648728 -0.49511 -0.115012
2.85008 0.416349 -0.170597 -0.0669543 -0.654917 -0.491787 -0.11424
2.85109 0.433806 -0.169444 -0.0665019 -0.661105 -0.488465 -0.113468
2.85211 0.451263 -0.168292 -0.0660495 -0.667293 -0.485142 -0.112696
2.85312 0.46872 -0.167139 -0.0655971 -0.673482 -0.481819 -0.111924
2.85413 0.486177 -0.165986 -0.0651447 -0.67967 -0.478496 -0.111153
2.85515 0.503634 -0.164834 -0.0646923 -0.685858 -0.475173 -0.110381
2.85616 0.521091 -0.163681 -0.0642399 -0.692047 -0.47185 -0.109609
2.85717 0.538548 -0.162528 -0.0637876 -0.698235 -0.468527 -0.108837
2.85818 0.556005 -0.161376 -0.0633352 -0.704423 -0.465204 -0.108065
2.8592 0.573463 -0.160223 -0.0628828 -0.710612 -0.461881 -0.107293
2.86021 0.59092 -0.15907 -0.0624304 -0.7168 -0.458559 -0.106521
2.86122 0.608377 -0.157917 -0.061978 -0.722988 -0.455236 -0.105749
2.86224 0.625834 -0.156765 -0.0615256 -0.729177 -0.451913 -0.104977
2.86325 0.643291 -0.155612 -0.0610732 -0.735365 -0.44859 -0.104206
2.86426 0.660748 -0.154459 -0.0606208 -0.741553 -0.445267 -0.103434
2.86528 0.678205 -0.153307 -0.0601684 -0.747742 -0.441944 -0.102662
2.86629 0.695662 -0.152154 -0.059716 -0.75393 -0.438621 -0.10189
2.8673 0.713119 -0.151001 -0.0592636 -0.760118 -0.435298 -0.101118
2.86831 0.730576 -0.149849 -0.0588112 -0.766307 -0.431975 -0.100346
2.86933 0.748034 -0.148696 -0.0583588 -0.772495 -0.428653 -0.0995742
2.87034 0.765491 -0.147543 -0.0579064 -0.778683 -0.42533 -0.0988023
2.87135 0.782948 -0.146391 -0.057454 -0.784872 -0.422007 -0.0980304
2.87237 0.800405 -0.145238 -0.0570016 -0.79106 -0.418684 -0.0972585
2.87338 0.817862 -0.144085 -0.0565492 -0.797248 -0.415361 -0.0964866
2.87439 0.835319 -0.142933 -0.0560969 -0.803437 -0.412038 -0.0957147
2.8754 0.852776 -0.14178 -0.0556445 -0.809625 -0.408715 -0.0949429
2.87642 0.870233 -0.140627 -0.0551921 -0.815813 -0.405392 -0.094171
2.87743 0.88769 -0.139475 -0.0547397 -0.822002 -0.402069 -0.0933991
2.87844 0.905148 -0.138322 -0.0542873 -0.82819 -0.398747 -0.0926272
2.87946 0.922605 -0.137169 -0.0538349 -0.834378 -0.395424 -0.0918553
2.88047 0.940062 -0.136017 -0.0533825 -0.840567 -0.392101 -0.0910834
2.88148 0.957519 -0.134864 -0.0529301 -0.846755 -0.388778 -0.0903115
2.8825 0.974976 -0.133711 -0.0524777 -0.852943 -0.385455 -0.0895396
2.88351 0.992433 -0.132558 -0.0520253 -0.859132 -0.382132 -0.0887677
2.88452 1.00989 -0.131406 -0.0515729 -0.86532 -0.378809 -0.0879958
2.88553 1.02735 -0.130253 -0.0511205 -0.871508 -0.375486 -0.0872239
2.88655 1.0448 -0.1291 -0.0506681 -0.877697 -0.372163 -0.086452
2.88756 1.06226 -0.127948 -0.0502157 -0.883885 -0.368841 -0.0856801
2.88857 1.07972 -0.126795 -0.0497633 -0.890073 -0.365518 -0.0849082
2.88959 1.09718 -0.125642 -0.0493109 -0.896262 -0.362195 -0.0841363
2.8906 1.11463 -0.12449 -0.0488585 -0.90245 -0.358872 -0.0833645
2.89161 1.13209 -0.123337 -0.0484062 -0.908638 -0.355549 -0.0825926
2.89263 1.14955 -0.122184 -0.0479538 -0.914827 -0.352226 -0.0818207
2.89364 1.167 -0.121032 -0.0475014 -0.921015 -0.348903 -0.0810488
2.89465 1.18446 -0.119879 -0.047049 -0.927203 -0.34558 -0.0802769
2.89566 1.20192 -0.118726 -0.0465966 -0.933392 -0.342257 -0.079505
2.89668 1.21938 -0.117574 -0.0461442 -0.93958 -0.338935 -0.0787331
2.89769 1.23683 -0.116421 -0.0456918 -0.945768 -0.335612 -0.0779612
2.8987 1.25429 -0.115268 -0.0452394 -0.951957 -0.332289 -0.0771893
2.89972 1.27175 -0.114116 -0.044787 -0.958145 -0.328966 -0.0764174
2.90073 1.2892 -0.112963 -0.0443346 -0.964333 -0.325643 -0.0756455
2.90174 1.30666 -0.11181 -0.0438822 -0.970522 -0.32232 -0.0748736
2.90276 1.32412 -0.110657 -0.0434298 -0.97671 -0.318997 -0.0741017
2.90377 1.34158 -0.109505 -0.0429774 -0.982898 -0.315674 -0.0733298
2.90478 1.35903 -0.108352 -0.042525 -0.989087 -0.312352 -0.072558
2.90579 1.37649 -0.107199 -0.0420726 -0.995275 -0.309029 -0.0717861
2.90681 1.39395 -0.106047 -0.0416202 -1.00146 -0.305706 -0.0710142
2.90782 1.4114 -0.104894 -0.0411679 -1.00765 -0.302383 -0.0702423
2.90883 1.42886 -0.103741 -0.0407155 -1.01384 -0.29906 -0.0694704
2.90985 1.44632 -0.102589 -0.0402631 -1.02003 -0.295737 -0.0686985
2.91086 1.46377 -0.101436 -0.0398107 -1.02622 -0.292414 -0.0679266
2.91187 1.48123 -0.100283 -0.0393583 -1.03241 -0.289091 -0.0671547
2.91288 1.49869 -0.0991307 -0.0389059 -1.03859 -0.285768 -0.0663828
2.9139 1.51615 -0.097978 -0.0384535 -1.04478 -0.282446 -0.0656109
2.91491 1.5336 -0.0968253 -0.0380011 -1.05097 -0.279123 -0.064839
2.91592 1.55106 -0.0956726 -0.0375487 -1.05716 -0.2758 -0.0640671
2.91694 1.56852 -0.0945199 -0.0370963 -1.06335 -0.272477 -0.0632952
2.91795 1.58597 -0.0933673 -0.0366439 -1.06954 -0.269154 -0.0625233
2.91896 1.60343 -0.0922146 -0.0361915 -1.07572 -0.265831 -0.0617514
2.91998 1.62089 -0.0910619 -0.0357391 -1.08191 -0.262508 -0.0609796
2.92099 1.63835 -0.0899092 -0.0352867 -1.0881 -0.259185 -0.0602077
2.922 1.6558 -0.0887565 -0.0348343 -1.09429 -0.255862 -0.0594358
2.92301 1.67326 -0.0876038 -0.0343819 -1.10048 -0.25254 -0.0586639
2.92403 1.69072 -0.0864512 -0.0339295 -1.10667 -0.249217 -0.057892
2.92504 1.70817 -0.0852985 -0.0334772 -1.11285 -0.245894 -0.0571201
2.92605 1.72563 -0.0841458 -0.0330248 -1.11904 -0.242571 -0.0563482
2.92707 1.74309 -0.0829931 -0.0325724 -1.12523 -0.239248 -0.0555763
2.92808 1.76055 -0.0818404 -0.03212 -1.13142 -0.235925 -0.0548044
2.92909 1.778 -0.0806878 -0.0316676 -1.13761 -0.232602 -0.0540325
2.93011 1.79546 -0.0795351 -0.0312152 -1.1438 -0.229279 -0.0532606
2.93112 1.81292 -0.0783824 -0.0307628 -1.14998 -0.225956 -0.0524887
2.93213 1.83037 -0.0772297 -0.0303104 -1.15617 -0.222634 -0.0517168
2.93314 1.84783 -0.076077 -0.029858 -1.16236 -0.219311 -0.0509449
2.93416 1.86529 -0.0749243 -0.0294056 -1.16855 -0.215988 -0.0501731
2.93517 1.88275 -0.0737717 -0.0289532 -1.17474 -0.212665 -0.0494012
2.93618 1.9002 -0.072619 -0.0285008 -1.18093 -0.209342 -0.0486293
2.9372 1.91766 -0.0714663 -0.0280484 -1.18711 -0.206019 -0.0478574
2.93821 1.93512 -0.0703136 -0.027596 -1.1933 -0.202696 -0.0470855
2.93922 1.95257 -0.0691609 -0.0271436 -1.19949 -0.199373 -0.0463136
2.94023 1.97003 -0.0680083 -0.0266912 -1.20568 -0.19605 -0.0455417
2.94125 1.98749 -0.0668556 -0.0262389 -1.21187 -0.192728 -0.0447698
2.94226 2.00495 -0.0657029 -0.0257865 -1.21806 -0.189405 -0.0439979
2.94327 2.0224 -0.0645502 -0.0253341 -1.22424 -0.186082 -0.043226
2.94429 2.03986 -0.0633975 -0.0248817 -1.23043 -0.182759 -0.0424541
2.9453 2.05732 -0.0622448 -0.0244293 -1.23662 -0.179436 -0.0416822
2.94631 2.07477 -0.0610922 -0.0239769 -1.24281 -0.176113 -0.0409103
2.94733 2.09223 -0.0599395 -0.0235245 -1.249 -0.17279 -0.0401384
2.94834 2.10969 -0.0587868 -0.0230721 -1.25519 -0.169467 -0.0393665
2.94935 2.12714 -0.0576341 -0.0226197 -1.26137 -0.166144 -0.0385947
2.95036 2.1446 -0.0564814 -0.0221673 -1.26756 -0.162822 -0.0378228
2.95138 2.16206 -0.0553287 -0.0217149 -1.27375 -0.159499 -0.0370509
2.95239 2.17952 -0.0541761 -0.0212625 -1.27994 -0.156176 -0.036279
2.9534 2.19697 -0.0530234 -0.0208101 -1.28613 -0.152853 -0.0355071
2.95442 2.21443 -0.0518707 -0.0203577 -1.29232 -0.14953 -0.0347352
2.95543 2.23189 -0.050718 -0.0199053 -1.2985 -0.146207 -0.0339633
2.95644 2.24934 -0.0495653 -0.0194529 -1.30469 -0.142884 -0.0331914
2.95746 2.2668 -0.0484127 -0.0190005 -1.31088 -0.139561 -0.0324195
2.95847 2.28426 -0.04726 -0.0185482 -1.31707 -0.136238 -0.0316476
2.95948 2.30172 -0.0461073 -0.0180958 -1.32326 -0.132916 -0.0308757
2.96049 2.31917 -0.0449546 -0.0176434 -1.32945 -0.129593 -0.0301038
2.96151 2.33663 -0.0438019 -0.017191 -1.33563 -0.12627 -0.0293319
2.96252 2.35409 -0.0426492 -0.0167386 -1.34182 -0.122947 -0.02856
2.96353 2.37154 -0.0414966 -0.0162862 -1.34801 -0.119624 -0.0277882
2.96455 2.389 -0.0403439 -0.0158338 -1.3542 -0.116301 -0.0270163
2.96556 2.40646 -0.0391912 -0.0153814 -1.36039 -0.112978 -0.0262444
2.96657 2.42392 -0.0380385 -0.014929 -1.36658 -0.109655 -0.0254725
2.96759 2.44137 -0.0368858 -0.0144766 -1.37276 -0.106332 -0.0247006
2.9686 2.45883 -0.0357331 -0.0140242 -1.37895 -0.10301 -0.0239287
2.96961 2.47629 -0.0345805 -0.0135718 -1.38514 -0.0996867 -0.0231568
2.97062 2.49374 -0.0334278 -0.0131194 -1.39133 -0.0963638 -0.0223849
2.97164 2.5112 -0.0322751 -0.012667 -1.39752 -0.0930409 -0.021613
2.97265 2.52866 -0.0311224 -0.0122146 -1.40371 -0.089718 -0.0208411
2.97366 2.54612 -0.0299697 -0.0117622 -1.40989 -0.0863951 -0.0200692
2.97468 2.56357 -0.0288171 -0.0113098 -1.41608 -0.0830722 -0.0192973
2.97569 2.58103 -0.0276644 -0.0108575 -1.42227 -0.0797493 -0.0185254
2.9767 2.59849 -0.0265117 -0.0104051 -1.42846 -0.0764264 -0.0177535
2.97771 2.61594 -0.025359 -0.00995267 -1.43465 -0.0731035 -0.0169816
2.97873 2.6334 -0.0242063 -0.00950027 -1.44084 -0.0697807 -0.0162098
2.97974 2.65086 -0.0230536 -0.00904788 -1.44702 -0.0664578 -0.0154379
2.98075 2.66832 -0.021901 -0.00859549 -1.45321 -0.0631349 -0.014666
2.98177 2.68577 -0.0207483 -0.00814309 -1.4594 -0.059812 -0.0138941
2.98278 2.70323 -0.0195956 -0.0076907 -1.46559 -0.0564891 -0.0131222
2.98379 2.72069 -0.0184429 -0.0072383 -1.47178 -0.0531662 -0.0123503
2.98481 2.73814 -0.0172902 -0.00678591 -1.47797 -0.0498433 -0.0115784
2.98582 2.7556 -0.0161376 -0.00633352 -1.48415 -0.0465204 -0.0108065
2.98683 2.77306 -0.0149849 -0.00588112 -1.49034 -0.0431975 -0.0100346
2.98784 2.79051 -0.0138322 -0.00542873 -1.49653 -0.0398747 -0.00926272
2.98886 2.80797 -0.0126795 -0.00497633 -1.50272 -0.0365518 -0.00849082
2.98987 2.82543 -0.0115268 -0.00452394 -1.50891 -0.0332289 -0.00771893
2.99088 2.84289 -0.0103741 -0.00407155 -1.5151 -0.029906 -0.00694704
2.9919 2.86034 -0.00922146 -0.00361915 -1.52128 -0.0265831 -0.00617514
2.99291 2.8778 -0.00806878 -0.00316676 -1.52747 -0.0232602 -0.00540325
2.99392 2.89526 -0.00691609 -0.00271436 -1.53366 -0.0199373 -0.00463136
2.99494 2.91271 -0.00576341 -0.00226197 -1.53985 -0.0166144 -0.00385947
2.99595 2.93017 -0.00461073 -0.00180958 -1.54604 -0.0132916 -0.00308757
2.99696 2.94763 -0.00345805 -0.00135718 -1.55223 -0.00996867 -0.00231568
2.99797 2.96509 -0.00230536 -0.000904788 -1.55841 -0.00664578 -0.00154379
2.99899 2.98254 -0.00115268 -0.000452394 -1.5646 -0.00332289 -0.000771893
3 3 0 0 -1.57079 0 0
